taxon               	nloci	f1loci	f2loci	nsites	npoly	poly
CN_4      	126829	87611	83369	7003153	17388	0.0024829
ID_19     	91903	75167	70804	5948741	16342	0.0027471
TD_13     	79174	67225	63879	5366571	15552	0.0028979
CN_12     	84128	70190	66867	5617529	14960	0.0026631
ID_20     	80332	66020	62551	5254873	14384	0.0027373
CD_27     	103417	78530	75170	6314325	16274	0.0025773
CD_16     	82032	68631	65405	5494672	15346	0.0027929
IN_20     	77107	65195	62133	5219742	14055	0.0026927
CD_18     	83737	68548	65246	5481162	15437	0.0028164
CD_28     	82049	67752	64533	5421270	14840	0.0027374
CD_30     	104984	76368	72859	6119908	16482	0.0026932
WD_12     	94149	69796	64879	5449563	18077	0.0033171
ED_11     	78260	65786	62790	5274894	15173	0.0028765
CD_17     	80356	68091	64848	5447764	15187	0.0027877
CD_20     	83343	67443	64107	5385282	14902	0.0027672
CN_2      	92338	73304	70009	5881119	15279	0.002598
CD_29     	82313	67916	64642	5430288	15247	0.0028078
WN_14     	83034	67144	63808	5360208	15039	0.0028057
CN_11     	83464	69036	65902	5536098	14874	0.0026867
WN_12     	83334	67875	64666	5432219	15176	0.0027937
CD_19     	81294	65234	61999	5208016	14339	0.0027533
WN_11     	81636	67771	64443	5413687	15970	0.0029499
CN_3      	85918	68648	65487	5500990	14740	0.0026795
WD_14     	84354	64678	61142	5135887	15144	0.0029487
EN_6      	78893	67973	64891	5451730	15665	0.0028734
TD_15     	87027	68490	65146	5473077	16089	0.0029397
EN_7      	79333	68173	65019	5462555	15814	0.002895
ED_21     	75149	63742	60855	5112309	14013	0.002741
ED_8      	82153	69105	65782	5526455	16541	0.0029931
CD_23     	86493	68896	65740	5522441	15396	0.0027879
CN_14     	79402	65847	62856	5280060	14069	0.0026646
CD_25     	81596	66837	63946	5371423	15101	0.0028114
CN_5      	82596	65490	62143	5219949	14585	0.0027941
CD_35     	82734	67289	64036	5379429	15429	0.0028681
TD_5      	82390	68365	65236	5480315	17198	0.0031381
WN_13     	79072	65490	62469	5247559	14722	0.0028055
WN_5      	82359	66515	63220	5310660	15467	0.0029124
TN_15     	72602	60687	57797	4855315	13618	0.0028048
CD_24     	83608	66971	63940	5371136	15501	0.002886
CD_26     	84189	69156	66164	5557885	14809	0.0026645
WD_19     	85365	66082	62623	5260567	15885	0.0030196
EN_20     	70970	60164	57485	4829058	13229	0.0027395
CN_15     	80805	65462	62357	5237960	14700	0.0028064
CN_10     	86834	67191	64305	5401300	14217	0.0026321
CD_31     	88992	68057	65025	5461774	15256	0.0027932
TD_11     	80229	68073	64807	5444594	16805	0.0030865
ED_4      	83535	69330	66097	5552789	16658	0.0029999
CD_21     	78439	58317	55100	4628257	13511	0.0029192
WN_4      	85985	63968	60416	5074532	15242	0.0030036
CD_37     	89741	67817	64995	5458977	15126	0.0027708
TN_9      	84508	71026	68068	5718345	16531	0.0028909
ED_12     	81347	66835	63758	5355755	16138	0.0030132
IN_17     	80554	67299	64354	5406276	15596	0.0028848
EN_17     	79887	67111	64049	5380624	16099	0.002992
IN_10     	74307	60154	57236	4807970	12858	0.0026743
IN_11     	77312	64479	61598	5174273	15176	0.002933
WN_18     	80155	65349	62222	5227054	15560	0.0029768
ID_1      	77483	64078	61049	5127989	15043	0.0029335
CN_7      	96695	68713	65170	5474280	16248	0.0029681
WD_18     	81710	63432	60166	5053848	15073	0.0029825
CD_34     	79671	65348	62412	5242888	14856	0.0028336
TD_14     	69980	58871	56277	4727459	12554	0.0026555
CN_9      	80477	65482	62507	5250814	14186	0.0027017
ED_2      	80430	65989	63052	5296428	15768	0.0029771
EN_11     	81457	66661	63679	5349017	16315	0.0030501
TN_25     	76543	66560	63667	5348670	16310	0.0030494
TD_18     	79194	66945	63935	5371107	16443	0.0030614
WN_20     	78541	64075	61367	5154589	14623	0.0028369
EN_16     	77694	64215	61297	5149287	15640	0.0030373
CN_19     	79465	64767	61901	5199790	14584	0.0028047
ED_19     	71420	57374	54487	4576923	12066	0.0026363
ED_9      	72155	57984	55171	4634596	12445	0.0026852
CN_8      	83285	63088	60063	5045251	14291	0.0028326
TD_6      	75943	65478	62660	5263975	15994	0.0030384
ID_9      	71931	57594	54858	4608127	11937	0.0025904
EN_14     	78639	66447	63463	5331418	15615	0.0029289
TD_24     	76836	66955	64146	5388834	16163	0.0029994
ID_13     	76900	64729	61933	5202393	15107	0.0029039
ED_15     	77232	65954	63185	5308083	15262	0.0028752
ID_8      	84005	66533	63760	5356072	15599	0.0029124
ED_1      	79840	65245	62189	5223842	15920	0.0030476
WN_1      	77059	60306	57303	4813277	14296	0.0029701
WD_13     	81969	59419	56175	4718033	14695	0.0031146
EN_2      	77100	64334	61495	5165558	15053	0.0029141
EN_1      	77530	63903	61108	5132752	14958	0.0029142
TD_10     	77164	63938	60624	5092784	15411	0.003026
IN_8      	81139	65807	63015	5293541	14833	0.0028021
TN_7      	75045	64673	61980	5206686	16029	0.0030785
TD_22     	75860	66158	63347	5321714	16139	0.0030327
ID_11     	74909	62533	59831	5025609	14627	0.0029105
TD_1      	67314	54218	51497	4325787	11720	0.0027093
WD_15     	77412	56557	53259	4473366	14019	0.0031339
ED_18     	76032	64445	61658	5179690	15315	0.0029567
TD_8      	74930	64310	61635	5177549	15786	0.0030489
TN_18     	74534	64278	61657	5179543	15583	0.0030086
TN_27     	75474	65773	62942	5287595	16113	0.0030473
TD_20     	80254	67763	65013	5461566	16248	0.002975
TN_6      	70901	61117	59404	4990312	12496	0.0025041
ID_6      	79503	67034	64318	5403601	15698	0.0029051
WN_19     	74744	62056	59408	4990054	14300	0.0028657
EN_8      	70143	54864	52152	4380698	11784	0.00269
TD_7      	75554	64528	61797	5191206	16052	0.0030922
WD_11     	75969	57314	53799	4518693	14249	0.0031533
TD_4      	65970	53269	50677	4256948	11766	0.002764
ED_16     	77934	66159	63343	5321663	15611	0.0029335
IN_4      	77195	65393	62615	5260093	14970	0.002846
WD_20     	76290	62389	59628	5008350	14782	0.0029515
ID_2      	77037	62668	59986	5038578	14687	0.0029149
TN_1      	65686	51890	49206	4133416	11962	0.002894
IN_9      	68686	54193	51573	4332124	11037	0.0025477
IN_18     	75533	63182	60679	5097255	14526	0.0028498
IN_7      	74848	62639	60095	5048140	14139	0.0028008
IN_6      	80751	67050	64383	5408982	15689	0.0029005
TD_12     	65399	53460	51102	4292424	11323	0.0026379
ED_20     	68260	54464	51985	4366695	11206	0.0025662
IN_2      	76246	62153	59474	4995382	14537	0.0029101
IN_5      	77530	65883	63225	5311622	15332	0.0028865
ID_7      	73473	61892	59368	4987140	14157	0.0028387
TN_17     	73821	62551	59971	5037411	15797	0.0031359
IN_1      	73895	59776	57212	4805106	13861	0.0028846
ID_4      	75915	63943	61404	5158291	14820	0.002873
TN_23     	73551	61387	58599	4922662	15363	0.0031209
ED_13     	76062	61999	59416	4990586	14442	0.0028938
ED_14     	75287	63530	60992	5123704	15124	0.0029518
ID_18     	75566	61952	59339	4984532	14686	0.0029463
ED_10     	67358	52518	50108	4209098	11204	0.0026619
IN_14     	76401	63899	61359	5154550	14505	0.002814
WN_3      	73385	54574	51586	4332546	13172	0.0030402
ED_7      	76631	65219	62531	5253290	15650	0.0029791
WN_17     	88106	64797	61570	5171637	16096	0.0031124
WN_15     	73875	53360	50294	4224057	12971	0.0030707
ID_14     	74716	63078	60553	5086876	14861	0.0029214
TD_17     	75430	58257	55261	4641687	14723	0.0031719
EN_18     	67005	52004	49520	4159610	10831	0.0026038
ID_12     	72539	60001	57645	4841679	13767	0.0028434
WN_7      	82373	64641	61900	5199728	15629	0.0030057
IN_15     	76564	64413	61814	5192892	14865	0.0028626
IN_19     	64966	51119	48905	4107930	10135	0.0024672
EN_10     	63247	51046	48875	4105394	10560	0.0025722
ID_10     	65481	51426	49038	4119168	10573	0.0025668
IN_12     	74120	60967	58516	4915062	14102	0.0028691
WN_10     	71192	54571	52129	4378003	13148	0.0030032
EN_9      	63613	48905	46502	3906159	10279	0.0026315
TN_13     	73551	61508	58896	4947431	14967	0.0030252
WN_2      	70219	50450	47514	3990440	12068	0.0030242
ID_5      	75269	64179	61687	5182388	15104	0.0029145
TN_14     	60152	46446	44029	3698302	10095	0.0027296
EN_5      	75000	63991	61470	5164170	15270	0.0029569
ED_5      	74619	61753	59218	4974567	14594	0.0029337
EN_13     	72663	61375	58888	4946805	14463	0.0029237
IN_16     	75104	62370	59880	5030227	15021	0.0029861
EN_4      	73091	60784	58326	4899531	14295	0.0029176
WD_10     	64771	47353	44762	3759268	11102	0.0029532
EN_12     	74219	59156	56736	4765245	14243	0.0029889
ED_6      	75034	63299	60775	5105670	14928	0.0029238
TN_3      	73650	58653	56117	4713381	14870	0.0031548
TN_11     	71285	57263	54528	4580238	14306	0.0031234
WD_4      	68477	47451	44438	3732143	12239	0.0032793
ID_15     	74440	62341	59899	5032008	14638	0.002909
EN_3      	72674	59189	56794	4770617	14040	0.002943
WN_8      	70024	49688	46907	3939593	12589	0.0031955
ED_17     	73017	61037	58653	4927332	14695	0.0029823
TN_5      	72241	53727	52024	4369620	11270	0.0025792
WN_6      	76418	61035	58685	4929442	14551	0.0029519
IN_13     	72154	58277	56061	4709126	13624	0.0028931
EN_19     	60337	46267	44269	3718362	8943	0.0024051
WN_9      	63581	46500	44191	3711149	10759	0.0028991
TN_2      	53933	40157	37992	3191112	8757	0.0027442
WD_5      	63251	42391	39555	3321835	10892	0.0032789
TN_10     	66686	52368	49734	4177400	12843	0.0030744
TD_9      	65970	49363	46515	3907133	11784	0.003016
CN_6      	73934	55172	52898	4442767	12936	0.0029117
TN_19     	67058	49127	46621	3915638	12595	0.0032166
TD_16     	65722	47519	44986	3778232	12193	0.0032272
EN_15     	70642	54946	52655	4423074	13042	0.0029486
IN_3      	68532	53715	51646	4338108	12369	0.0028512
TD_2      	47953	32347	30092	2527515	6762	0.0026754
TN_22     	66103	48577	46137	3875254	11535	0.0029766
CN_18     	60074	40518	38283	3215010	9732	0.0030271
CD_32     	69460	52605	50839	4269799	12525	0.0029334
ID_3      	61381	45896	44193	3711306	9877	0.0026613
WD_16     	64543	41896	39893	3350154	11063	0.0033022
CN_16     	66232	43428	41403	3476795	11071	0.0031843
ID_16     	65978	50193	48249	4052758	11224	0.0027695
WD_8      	54124	35902	33873	2844727	8670	0.0030477
WN_16     	65418	43985	41999	3527098	11381	0.0032267
WD_3      	51364	31964	29507	2477747	7883	0.0031815
WD_9      	50268	31757	29483	2475811	7797	0.0031493
WD_7      	62330	40798	39079	3281950	10850	0.003306
ID_17     	58474	42477	40984	3442236	8659	0.0025155
TN_21     	58119	39700	37513	3150422	9891	0.0031396
CN_17     	57787	32329	30392	2551987	8599	0.0033695
WD_17     	57228	35924	34059	2860041	9300	0.0032517
WD_6      	61386	38802	36864	3095634	10904	0.0035224
WD_1      	41042	23832	21731	1824610	5675	0.0031103
CD_22     	36845	18440	17081	1434000	4862	0.0033905
WD_2      	36685	21378	19485	1636071	5036	0.0030781

    ## nloci = number of loci
    ## f1loci = number of loci with >N depth coverage
    ## f2loci = number of loci with >N depth and passed paralog filter
    ## nsites = number of sites across f loci
    ## npoly = number of polymorphic sites in nsites
    ## poly = frequency of polymorphic sites
