Length	St0001	St0003	St0006	St0015	St0016	St0019	St0037	St0039	St0043	St0044	St0049	St0050	Bl0065	Bl0076	Bl0080	Bl0083	Bl0104	Bl0108	Bl0091	Bl0093	Bl0094	Bl0095	Bl0098	Bl0116
50	14	2	0	10	17	18	8	5	7	11	0	5	16	17	10	2	8	5	8	7	46	13	9	8
51	16	6	0	12	9	8	9	3	7	7	3	4	9	20	12	8	30	1	3	9	9	10	10	4
52	6	2	0	5	23	9	19	6	6	6	2	5	15	14	20	13	10	4	7	5	25	10	23	2
53	3	4	0	11	8	21	6	2	1	9	9	2	2	10	13	16	7	3	5	4	13	23	6	5
54	19	4	0	6	12	12	3	6	4	13	6	11	4	12	15	10	11	16	11	7	20	17	17	5
55	6	5	0	9	12	8	18	4	13	14	11	2	5	10	17	9	16	11	8	4	13	9	17	6
56	17	12	0	10	11	17	2	10	9	15	3	12	9	12	13	16	6	6	5	9	11	9	7	8
57	11	33	0	16	9	8	4	14	7	15	9	12	16	15	18	19	11	4	13	14	13	17	22	16
58	7	10	0	17	6	7	9	9	5	4	23	9	11	16	10	21	7	2	23	10	16	21	10	13
59	7	8	0	7	21	10	5	6	8	7	15	6	13	24	11	12	24	4	13	8	36	17	12	9
60	9	11	0	6	9	6	5	3	7	8	5	8	7	27	18	12	14	7	12	0	32	23	18	6
61	9	15	0	14	17	7	6	7	7	9	10	3	14	15	18	12	8	5	5	5	25	21	9	8
62	10	13	0	15	14	12	11	18	16	20	7	4	8	21	17	9	17	16	18	5	12	6	15	10
63	14	17	0	8	19	15	9	5	10	13	8	8	10	14	27	28	8	5	4	6	27	17	26	4
64	9	7	0	15	15	11	12	10	13	6	6	15	6	16	13	27	6	11	25	12	23	14	15	10
65	11	5	0	12	18	26	17	5	7	8	16	9	17	30	9	19	17	5	15	8	42	14	6	4
66	16	22	0	10	27	11	5	3	9	29	10	7	18	22	26	23	13	23	6	7	22	13	32	18
67	22	18	0	17	19	10	14	13	10	12	15	7	11	16	36	36	20	9	25	7	22	19	34	11
68	41	29	0	12	23	12	9	12	29	37	19	9	13	17	15	9	25	16	17	7	13	30	26	7
69	12	10	0	7	17	37	20	43	9	6	8	3	25	26	62	28	17	9	11	12	47	19	48	19
70	13	15	0	39	22	19	6	8	6	10	20	13	18	17	15	18	13	8	28	24	21	22	17	2
71	13	13	0	10	11	11	11	5	13	9	11	6	18	25	16	25	17	7	16	11	19	37	15	13
72	15	26	0	9	19	13	33	9	10	18	6	7	7	20	25	68	27	14	10	13	21	23	31	23
73	31	17	0	14	15	6	13	11	12	29	18	17	12	23	36	44	22	19	26	20	22	21	14	27
74	29	9	0	18	19	13	37	23	21	15	11	9	12	18	24	43	17	5	14	13	28	21	29	15
75	20	30	1	23	22	16	14	5	24	17	16	12	37	20	17	34	23	19	13	11	34	28	19	12
76	10	32	0	12	19	33	12	16	11	19	18	11	12	35	23	35	25	6	23	15	29	38	25	21
77	26	33	0	22	19	9	12	13	9	32	10	16	16	28	16	31	40	9	33	17	26	20	22	14
78	27	21	0	17	26	11	14	27	19	34	16	16	30	21	40	35	43	38	15	16	34	42	38	24
79	24	16	0	17	23	15	30	19	24	34	23	17	12	35	52	40	13	8	21	24	29	32	24	23
80	23	21	0	19	51	22	13	26	14	22	12	9	26	37	31	35	23	15	28	33	46	21	41	25
81	17	14	0	15	38	43	12	21	18	19	46	37	42	38	15	56	14	14	42	41	46	48	38	14
82	7	31	0	16	39	16	11	11	16	16	10	12	14	28	38	25	20	25	27	17	32	35	26	16
83	12	17	0	12	19	17	12	12	14	14	15	8	26	33	23	42	14	10	22	22	44	36	18	12
84	18	16	0	19	27	15	13	6	15	28	13	11	16	21	49	23	21	28	19	21	28	33	31	17
85	57	67	0	14	17	25	11	20	50	63	12	9	33	26	28	38	54	48	14	20	28	33	35	15
86	43	68	0	17	20	15	42	58	37	38	12	14	27	34	76	90	46	40	33	22	35	32	82	47
87	36	45	0	59	28	29	38	26	31	46	59	52	18	51	48	65	68	40	41	58	41	33	46	39
88	45	16	0	35	57	47	51	50	26	25	41	28	49	82	43	65	33	25	46	43	139	70	58	44
89	39	16	0	36	67	50	22	12	28	34	34	32	27	45	43	38	51	22	40	50	93	78	34	20
90	28	33	0	29	57	28	29	18	22	27	28	26	66	56	65	50	37	18	28	20	49	67	41	18
91	25	23	0	20	35	25	25	24	23	22	27	23	21	41	42	62	22	14	22	15	59	24	45	26
92	39	55	0	37	36	30	16	17	23	12	27	24	31	46	33	53	44	18	33	29	35	53	39	24
93	26	25	0	23	42	24	13	12	16	23	27	18	43	63	50	54	30	17	22	28	79	35	75	26
94	47	44	0	30	32	23	19	21	35	61	34	32	19	40	36	53	60	32	37	29	47	28	35	25
95	33	27	0	15	34	33	33	42	18	45	17	18	24	46	64	58	48	51	15	24	58	46	69	38
96	32	36	0	38	19	13	80	33	21	35	35	56	12	51	36	58	30	23	55	77	40	40	54	44
97	34	26	0	55	72	56	24	14	16	25	33	15	65	101	50	56	39	20	65	89	71	84	47	17
98	35	31	0	18	40	30	43	39	25	43	21	22	80	42	28	56	44	30	39	49	43	52	46	22
99	24	28	0	22	39	43	39	28	38	31	26	17	34	62	50	72	26	25	34	31	50	56	32	40
100	44	50	1	39	22	33	25	35	25	32	29	18	27	44	47	89	26	20	43	24	60	52	66	23
101	79	53	0	33	33	37	31	23	49	50	30	30	45	56	57	66	59	30	50	29	63	38	41	23
102	29	49	0	38	43	45	50	44	40	41	30	21	42	58	88	101	36	25	37	41	48	85	110	52
103	42	36	0	47	58	38	35	54	24	37	37	41	33	65	60	77	64	29	45	46	49	58	51	30
104	44	67	0	45	52	51	29	40	42	77	59	44	46	65	59	52	55	52	51	46	81	92	48	25
105	37	53	0	44	53	27	50	51	29	35	31	22	39	63	58	91	53	29	36	30	60	53	62	39
106	41	35	0	45	49	30	52	29	44	58	63	29	40	49	51	67	31	34	53	62	56	63	61	34
107	45	49	1	41	86	50	51	39	29	42	41	52	64	79	68	63	58	28	49	51	114	74	64	51
108	38	34	0	39	52	39	38	32	36	53	42	24	36	67	59	86	50	24	63	57	52	50	74	34
109	37	40	0	24	70	42	41	38	34	41	40	49	42	67	72	72	46	36	53	42	66	83	68	39
110	46	50	0	43	47	42	36	38	48	52	45	40	38	73	60	70	52	61	46	53	65	63	67	40
111	47	45	0	37	50	50	40	58	21	49	33	34	31	65	61	77	61	33	49	52	90	70	60	37
112	47	47	0	61	67	36	43	33	48	71	69	50	44	66	52	90	62	37	49	64	78	63	44	34
113	39	29	0	52	60	43	49	45	44	70	53	31	61	63	62	130	69	30	51	56	58	73	104	54
114	46	48	0	50	67	40	34	56	33	51	36	44	43	68	58	97	68	68	62	90	73	61	88	49
115	50	44	0	49	69	50	52	65	62	78	48	43	54	109	71	93	69	46	65	62	102	86	79	51
116	60	68	1	62	81	45	53	63	73	80	53	56	48	62	48	113	72	65	80	55	79	98	73	47
117	47	38	0	57	53	64	52	75	56	88	62	54	74	84	88	132	66	66	48	48	119	94	89	52
118	61	48	1	71	60	56	48	53	40	62	63	48	48	76	102	138	58	54	88	72	80	70	69	57
119	46	46	0	34	82	65	53	67	50	82	48	52	53	77	75	115	75	39	85	56	113	110	108	49
120	77	67	0	65	68	62	47	49	55	72	50	56	68	105	70	110	81	42	70	75	95	95	124	50
121	71	55	1	62	95	71	55	54	45	91	57	52	40	84	90	131	108	56	51	46	105	84	96	62
122	81	52	0	70	80	53	71	64	68	84	66	49	41	67	107	109	72	76	79	83	81	94	114	62
123	69	60	0	79	94	59	78	76	62	71	72	72	66	79	75	140	72	61	81	77	99	106	99	39
124	154	138	0	74	84	75	51	63	181	107	68	52	79	93	100	132	274	150	75	75	124	100	70	39
125	90	72	0	64	115	95	103	132	95	118	35	45	68	94	269	278	70	88	100	51	109	104	221	108
126	71	82	1	139	75	61	88	88	77	109	102	105	59	116	101	142	96	51	149	180	102	81	126	74
127	80	60	2	84	135	139	88	85	78	93	73	80	153	186	140	165	86	81	107	88	270	215	100	76
128	89	83	0	108	97	103	73	55	79	154	102	81	72	111	90	146	136	114	111	99	114	116	115	73
129	60	93	0	78	129	103	86	102	60	104	75	62	102	110	120	209	85	73	79	84	173	140	124	94
130	84	67	0	107	108	67	80	81	66	100	100	92	75	97	97	142	89	67	103	122	105	115	102	58
131	91	66	0	95	152	124	69	66	68	111	76	69	79	120	116	159	90	65	83	80	185	150	112	66
132	73	64	1	66	115	90	92	97	60	103	73	63	80	126	108	172	95	64	82	74	146	114	137	83
133	99	62	0	88	106	88	90	70	84	112	97	70	104	127	115	153	93	52	103	88	116	117	129	60
134	84	99	0	75	106	81	74	53	77	100	93	63	66	130	105	174	125	95	91	88	120	125	124	67
135	96	91	0	84	103	77	98	78	88	144	115	60	78	109	136	177	178	97	71	88	122	120	147	78
136	78	71	0	101	104	77	140	116	51	128	94	80	74	129	147	253	90	91	133	103	115	97	185	113
137	121	109	1	109	109	114	93	82	99	127	133	93	95	111	112	177	115	102	137	133	157	140	136	93
138	100	96	1	82	159	138	103	93	93	144	81	74	124	141	108	226	126	99	122	95	168	152	203	79
139	107	151	0	93	114	119	112	106	108	162	103	70	77	130	188	223	152	108	137	107	134	109	146	105
140	111	104	0	112	139	120	148	129	95	144	125	89	93	143	126	237	121	93	156	111	157	157	149	121
141	100	66	1	169	109	138	126	122	98	155	138	117	94	189	149	187	140	103	127	163	145	158	149	71
142	83	78	0	89	165	115	75	94	78	121	107	89	139	191	111	201	110	92	138	120	149	210	148	96
143	91	79	0	95	151	126	128	103	104	139	97	88	90	140	110	189	137	89	138	148	220	167	168	79
144	86	100	0	108	124	115	111	86	104	175	113	77	88	183	127	236	157	119	146	113	143	129	165	93
145	99	111	0	109	110	96	109	134	87	174	97	88	91	127	143	240	121	122	139	119	144	148	193	111
146	128	100	0	103	146	111	118	121	89	167	99	105	96	122	123	229	112	119	160	160	153	153	159	109
147	129	106	0	112	158	133	130	110	116	161	127	97	157	223	118	252	131	133	143	127	185	161	192	94
148	121	113	0	98	138	98	147	107	89	180	109	108	116	131	128	248	163	137	138	116	153	146	200	97
149	84	79	0	101	164	126	100	124	65	152	129	107	87	173	140	262	115	92	173	132	188	124	203	110
150	109	114	0	121	154	128	115	78	84	168	136	112	106	162	119	277	125	111	143	125	185	135	172	80
151	113	123	0	116	156	129	120	110	79	139	99	77	112	182	154	239	127	96	115	117	204	157	176	109
152	108	140	1	116	145	113	106	106	125	193	118	125	85	128	138	221	161	120	121	147	171	139	140	89
153	107	131	0	83	191	142	117	117	102	206	105	91	110	210	159	232	151	129	106	97	181	135	175	111
154	102	81	0	153	144	130	127	122	107	166	130	128	75	146	173	267	148	128	153	128	159	134	170	143
155	111	121	0	143	204	148	92	108	109	163	137	110	111	154	137	260	146	126	173	164	195	150	166	107
156	145	116	0	99	173	139	124	112	96	201	128	105	136	175	168	238	160	129	142	104	181	172	178	104
157	124	110	1	129	160	131	125	116	97	213	147	126	112	129	167	296	163	103	153	128	139	144	234	119
158	122	175	1	118	175	103	124	116	124	226	124	123	103	212	132	291	140	138	188	142	148	152	212	104
159	129	123	0	139	171	118	167	148	122	192	138	112	120	172	140	260	158	131	159	158	159	176	178	146
160	188	185	0	136	197	138	145	108	123	250	134	111	96	180	156	306	200	176	152	173	175	158	251	128
161	149	118	0	152	180	150	163	158	117	219	161	109	129	201	193	346	170	149	180	177	182	143	247	163
162	176	142	1	155	162	143	154	122	122	210	167	134	117	185	219	335	196	153	188	223	212	200	222	124
163	147	131	1	141	211	170	150	161	136	212	159	129	144	224	189	368	152	150	213	162	236	207	247	147
164	161	130	1	165	199	178	162	140	131	192	144	133	135	239	198	327	158	152	181	157	198	189	226	142
165	124	166	0	142	237	173	150	150	143	224	136	108	132	231	175	290	174	142	175	162	177	174	197	105
166	161	147	0	180	207	177	160	157	128	238	167	134	152	204	165	348	222	151	155	179	215	179	258	150
167	134	150	0	155	207	162	194	136	125	291	150	152	141	194	194	332	234	166	190	181	184	177	273	136
168	132	120	2	170	220	178	185	140	141	211	201	142	114	225	193	340	204	148	222	178	233	206	253	176
169	205	196	0	197	204	171	178	139	168	348	173	128	124	219	192	326	303	248	206	173	247	205	254	134
170	162	147	0	143	177	187	260	186	127	256	146	138	153	233	229	451	175	154	213	153	226	195	363	216
171	239	272	0	241	217	156	169	158	206	374	271	237	105	233	216	328	272	239	313	267	219	167	258	138
172	175	167	0	155	335	255	259	185	141	270	170	173	192	348	282	450	232	183	227	205	296	279	425	205
173	212	233	1	232	189	172	203	166	214	262	274	250	143	230	192	393	212	230	284	272	224	241	306	159
174	208	205	1	164	327	229	247	153	174	266	195	174	259	329	239	530	227	164	223	173	329	324	334	186
175	179	165	2	237	230	206	220	157	145	259	187	159	164	237	230	470	197	181	262	180	241	188	296	170
176	168	190	0	191	248	191	190	153	150	266	208	171	188	236	202	389	223	208	264	202	272	265	244	151
177	170	168	0	174	262	207	171	176	176	267	186	149	194	324	218	441	201	191	213	190	273	244	306	186
178	182	161	2	191	247	195	186	165	149	273	204	159	117	236	216	402	183	171	234	203	243	186	243	155
179	226	175	2	195	271	202	198	143	154	249	183	167	169	263	256	408	223	189	215	208	236	210	281	139
180	172	137	0	172	249	184	156	159	156	258	193	157	145	244	222	397	219	191	267	167	269	202	286	210
181	178	203	0	178	238	184	205	198	186	279	188	146	163	256	233	416	212	240	244	223	240	206	278	179
182	216	181	1	180	227	206	195	197	141	272	179	172	155	287	240	433	229	208	226	177	283	203	276	193
183	178	186	0	197	273	202	189	172	140	255	187	192	172	310	283	417	189	179	207	203	285	220	304	193
184	200	215	0	214	239	215	185	144	187	328	209	188	183	278	209	406	256	236	261	193	271	233	293	186
185	295	314	0	171	222	212	218	176	306	495	219	124	187	302	252	432	375	363	239	187	274	245	342	155
186	227	219	1	158	223	181	424	311	230	383	243	162	163	281	474	622	290	238	260	202	262	213	495	312
187	217	213	0	350	277	226	291	202	186	298	456	303	175	334	301	491	264	206	641	486	252	246	349	253
188	212	217	1	285	646	437	228	210	170	366	303	199	360	427	289	502	272	234	358	295	661	480	300	222
189	212	230	1	224	360	269	273	201	191	312	223	192	209	333	297	518	283	291	293	225	431	305	348	265
190	234	152	2	217	318	252	227	213	201	300	245	205	177	306	249	526	240	225	333	226	346	250	402	223
191	182	190	4	230	294	245	193	185	135	303	249	173	179	309	245	486	259	226	280	250	315	288	337	202
192	199	222	1	195	309	218	212	213	185	338	220	151	192	299	250	520	225	213	235	240	280	246	298	199
193	251	235	1	215	249	219	212	176	245	398	199	189	207	287	231	474	293	216	255	202	288	245	290	243
194	183	181	2	225	277	183	258	184	162	240	237	203	202	282	326	592	250	238	278	204	265	211	362	239
195	232	226	0	258	295	231	232	167	167	358	284	183	190	328	261	509	207	221	333	271	271	242	337	192
196	196	198	0	212	326	243	278	184	157	287	206	168	203	343	310	498	231	224	266	215	383	251	320	180
197	214	202	0	226	266	237	181	185	173	300	242	199	202	366	262	450	274	229	289	243	268	261	277	175
198	210	201	2	185	332	228	187	190	154	305	208	174	160	386	312	502	237	251	274	184	314	251	352	183
199	233	206	3	214	278	208	250	185	176	321	266	166	210	324	288	534	253	260	305	229	256	218	396	235
200	224	175	3	203	298	211	252	203	175	354	222	208	219	371	292	504	234	223	311	231	257	254	328	185
201	214	191	1	225	270	197	211	182	170	359	208	194	178	345	255	548	249	241	302	217	330	273	328	193
202	260	200	1	186	290	222	237	175	200	395	230	196	199	364	279	543	230	231	314	226	323	267	303	223
203	258	236	2	225	254	184	270	231	209	403	222	184	191	406	295	539	291	278	276	225	266	245	345	248
204	260	269	3	235	291	200	286	214	222	434	236	202	156	316	329	591	266	282	292	207	254	256	371	278
205	243	208	0	280	335	224	272	223	202	340	288	233	225	387	365	640	245	252	328	275	310	241	352	271
206	272	265	0	286	320	255	247	200	243	427	315	250	249	366	278	540	281	254	320	290	357	281	319	194
207	319	282	0	218	424	256	284	239	256	543	269	202	210	386	357	595	346	325	332	231	421	341	381	266
208	262	280	0	279	305	255	303	279	217	488	303	181	197	369	364	690	330	359	338	285	294	292	435	321
209	274	284	0	319	308	297	301	279	213	364	352	251	214	411	361	687	333	341	417	327	356	303	460	295
210	239	239	2	277	459	307	278	219	185	343	376	244	273	524	359	591	260	254	452	294	441	347	438	242
211	302	319	0	279	393	326	288	216	269	507	313	209	252	427	353	564	442	357	375	303	412	352	392	274
212	242	232	1	228	307	269	342	265	196	321	264	194	271	405	408	711	312	278	305	279	384	330	542	314
213	281	267	0	338	305	236	275	263	212	375	480	247	200	333	332	623	306	275	396	313	319	273	346	252
214	249	223	2	245	443	332	297	250	193	340	283	167	236	480	327	666	256	223	307	257	513	372	429	254
215	226	222	0	267	297	264	249	198	216	357	321	226	216	366	325	596	272	266	344	285	313	245	384	245
216	266	218	0	248	403	274	250	210	167	372	264	182	217	438	294	567	282	268	326	250	356	276	394	230
217	284	255	0	217	295	271	266	209	221	385	274	179	214	409	308	653	270	262	318	227	345	274	378	250
218	260	287	0	203	304	227	250	200	232	353	272	196	170	414	316	662	273	233	291	235	269	252	365	267
219	267	237	0	242	274	244	280	200	208	402	286	199	239	399	342	659	295	327	338	236	268	282	423	248
220	338	260	0	294	325	265	313	247	259	399	289	183	220	410	375	700	330	255	352	221	322	281	402	289
221	233	269	1	289	350	256	331	305	198	361	359	242	217	408	370	717	260	257	353	285	321	334	448	298
222	227	254	0	292	387	279	264	241	194	443	335	211	226	480	306	638	286	291	383	335	336	296	374	253
223	239	252	0	217	398	280	278	256	223	353	280	174	307	469	332	660	268	253	350	241	447	371	465	327
224	256	268	1	225	339	253	263	190	238	423	306	197	209	408	324	628	314	281	384	239	298	300	337	243
225	280	305	0	255	353	218	256	222	272	443	283	183	214	444	342	635	300	303	269	269	327	330	419	242
226	259	265	2	246	356	232	314	309	199	426	273	194	221	383	367	737	295	315	317	269	352	261	432	297
227	289	325	2	297	359	275	324	243	216	389	333	254	208	422	356	659	320	289	343	298	352	315	400	265
228	279	230	0	289	403	302	312	253	215	359	285	201	262	505	321	630	290	261	371	274	452	383	411	270
229	276	248	1	272	336	217	257	230	262	372	313	230	195	458	305	715	297	265	347	238	363	295	415	285
230	224	199	0	252	351	217	292	258	191	320	315	200	234	439	333	721	246	254	366	279	373	309	434	285
231	277	261	0	268	357	238	260	217	207	402	331	208	226	424	305	640	313	286	384	284	346	347	380	235
232	275	268	0	212	365	311	301	189	187	387	258	202	266	479	336	693	306	244	318	249	402	317	391	283
233	307	270	0	272	336	224	303	245	259	479	266	223	182	377	304	735	274	256	368	261	352	262	404	245
234	270	276	2	288	330	283	342	273	237	426	317	188	213	430	410	688	341	284	340	261	343	317	503	289
235	267	315	1	262	386	243	268	304	213	435	348	218	199	438	398	769	319	327	365	314	316	283	449	322
236	310	298	0	303	334	262	312	249	236	430	363	241	226	456	377	725	329	290	414	312	441	294	473	322
237	273	255	3	287	376	281	312	240	254	422	368	232	258	473	382	773	350	289	416	264	402	353	424	263
238	292	292	1	250	399	281	320	260	215	399	325	218	251	413	385	823	349	300	377	289	366	311	483	312
239	304	287	1	276	370	313	317	242	264	390	294	232	212	476	362	771	274	270	372	275	424	346	426	299
240	325	282	1	287	385	270	279	217	210	421	351	181	247	440	351	777	334	309	396	307	369	302	464	255
241	256	255	2	254	341	241	329	248	231	414	383	231	216	419	344	742	318	276	364	303	362	261	462	320
242	274	287	1	263	370	237	281	213	224	412	378	219	214	429	324	711	305	264	430	280	372	335	398	297
243	273	287	2	262	441	291	305	202	227	424	327	247	267	446	316	728	333	268	347	297	363	335	416	296
244	298	308	1	237	386	259	282	237	258	508	307	238	246	456	360	750	316	326	354	245	347	287	429	262
245	285	330	1	270	373	243	350	257	249	418	284	204	280	423	387	843	349	279	395	276	367	332	484	329
246	268	287	0	271	414	243	328	274	209	426	342	240	236	453	383	777	324	328	451	314	359	313	435	330
247	300	315	0	289	433	290	300	221	251	478	308	197	248	510	351	810	336	350	402	314	366	332	483	312
248	306	264	0	270	412	233	345	258	222	466	323	251	264	478	377	805	330	268	374	266	402	311	477	306
249	289	315	1	289	405	272	329	236	219	416	373	248	297	503	355	817	322	267	428	286	348	403	418	266
250	297	299	2	291	471	291	290	229	270	434	299	237	234	425	319	807	315	264	406	267	395	338	402	316
251	251	291	2	225	454	256	330	255	231	407	304	211	231	493	367	711	301	285	368	275	350	304	472	335
252	282	294	1	291	384	268	301	270	212	438	370	185	218	417	357	785	292	303	375	263	384	313	438	304
253	279	260	2	268	456	253	320	256	230	465	283	223	266	497	345	781	360	291	422	301	371	389	461	326
254	244	249	1	266	435	246	306	241	231	423	335	221	241	512	349	805	318	263	408	292	341	285	484	314
255	301	248	0	234	449	233	292	236	216	418	359	239	242	519	344	752	321	322	393	304	342	324	502	332
256	320	296	2	253	453	262	270	219	257	475	284	187	238	499	358	787	302	293	378	278	393	332	433	293
257	302	299	2	251	411	241	326	233	242	538	290	222	230	483	383	830	379	337	426	264	340	282	496	355
258	282	310	3	259	441	242	326	273	250	457	340	216	213	509	448	971	318	343	408	249	330	304	514	354
259	247	281	2	322	522	302	307	241	218	462	364	236	267	491	354	846	309	317	452	341	358	335	473	340
260	280	285	3	275	525	286	309	222	239	438	361	203	253	539	364	867	350	318	374	313	399	350	475	284
261	305	303	0	288	447	280	278	272	257	466	321	223	233	488	391	827	342	355	435	276	396	326	387	316
262	240	252	0	270	445	273	339	197	196	436	312	206	223	516	378	872	356	301	450	306	387	314	499	339
263	342	332	1	293	485	237	311	242	303	609	375	222	294	570	330	837	380	317	402	330	414	305	464	304
264	341	284	0	256	499	264	381	259	214	488	307	214	219	502	460	984	343	344	397	257	377	326	542	394
265	313	305	0	351	450	220	346	257	256	536	407	306	214	508	388	860	313	323	476	383	349	292	486	345
266	265	280	1	327	591	306	337	261	226	434	338	226	280	532	383	795	280	320	435	268	487	359	472	317
267	308	295	0	284	505	313	306	248	232	487	354	247	260	502	380	839	318	292	425	290	401	341	447	348
268	323	313	1	272	536	290	300	208	288	459	318	196	265	502	324	776	376	342	391	271	421	342	455	328
269	240	295	1	235	477	257	350	273	220	414	301	217	252	476	352	799	287	251	377	282	353	333	498	357
270	263	296	0	301	457	267	291	203	207	494	364	217	297	448	323	789	367	306	423	330	305	358	413	262
271	326	263	1	279	497	304	306	219	269	529	301	216	310	556	321	851	334	259	344	247	387	322	501	340
272	303	310	1	294	415	232	353	290	220	495	326	230	191	485	461	801	386	316	424	285	357	310	523	354
273	380	354	0	271	502	241	334	230	294	663	331	224	238	493	376	833	382	412	384	281	337	324	503	355
274	292	280	1	267	467	320	411	307	193	487	320	236	224	492	508	1034	304	271	404	323	414	333	601	418
275	385	451	0	365	520	286	296	256	417	684	420	285	262	522	347	802	342	320	536	337	382	336	432	334
276	310	336	2	263	685	313	397	363	275	543	315	215	292	556	566	907	353	291	419	269	508	410	690	480
277	298	277	1	357	476	277	324	280	255	457	473	293	264	490	371	844	330	305	478	477	359	320	522	353
278	325	370	1	321	579	367	319	258	221	593	372	232	414	526	332	781	345	315	445	281	574	402	456	349
279	290	311	2	258	483	296	291	293	225	444	322	216	279	522	367	776	323	303	378	272	414	331	526	395
280	280	267	1	274	503	267	334	231	197	456	333	232	229	502	348	822	339	277	443	351	354	314	504	324
281	305	277	2	276	527	268	291	216	238	485	326	197	285	522	317	856	292	287	430	308	396	330	466	307
282	309	289	0	269	476	301	301	227	244	544	323	212	262	545	328	855	335	277	372	263	381	347	469	296
283	273	273	2	269	471	263	283	239	205	465	316	203	198	461	357	811	308	279	429	284	320	303	524	340
284	268	283	0	277	499	237	328	278	210	481	344	240	219	490	362	756	289	267	425	295	362	308	442	331
285	269	278	1	284	518	259	274	232	214	478	290	197	245	488	343	815	280	294	383	252	368	316	424	263
286	262	229	2	264	432	252	324	240	209	402	312	197	190	456	333	799	304	247	352	276	351	292	405	315
287	353	288	2	263	428	252	296	232	211	495	339	201	210	419	273	704	354	321	390	275	381	314	416	277
288	335	278	1	235	436	296	320	225	211	525	296	191	215	460	356	763	364	286	355	226	321	298	504	329
289	277	303	0	286	395	257	322	243	238	486	315	242	202	413	362	843	314	295	404	281	368	282	469	323
290	666	534	1	316	416	238	303	249	495	1200	354	233	263	532	318	813	686	737	435	255	351	302	472	338
291	250	280	0	266	465	265	736	544	212	470	293	219	226	520	724	1855	303	305	394	262	366	330	1069	774
292	239	248	1	619	425	203	277	207	189	404	832	478	244	483	346	801	267	259	916	525	311	271	423	325
293	292	272	1	253	1178	634	277	200	212	456	293	214	451	1114	292	730	285	290	360	268	803	760	428	271
294	215	218	0	256	433	237	262	220	195	412	291	188	218	448	322	710	285	266	330	236	315	280	454	325
295	271	259	0	257	400	231	252	251	187	476	296	195	209	436	323	792	312	293	420	250	290	279	440	289
296	227	258	1	232	434	230	286	229	214	516	298	191	205	429	312	804	275	306	392	258	351	333	450	286
297	259	238	1	242	422	215	248	227	191	436	288	210	212	424	316	711	295	258	412	266	321	255	404	315
298	237	238	2	250	427	249	263	230	181	429	292	193	228	416	297	715	278	255	342	259	363	289	421	288
299	236	219	2	252	358	219	263	209	192	450	297	191	191	417	282	766	258	267	311	241	299	282	453	263
300	203	220	0	286	410	234	225	243	195	389	272	192	209	440	268	709	258	230	313	265	298	271	397	266
301	245	261	2	217	388	205	289	178	194	454	236	201	209	445	261	711	292	267	337	229	339	273	363	289
302	252	228	2	212	373	224	271	209	210	401	239	181	182	435	319	752	287	236	332	203	283	231	447	303
303	303	298	2	234	350	200	232	184	219	506	284	226	183	418	314	667	357	294	391	251	309	257	400	263
304	287	264	1	237	377	227	309	224	223	493	262	156	233	423	320	789	318	298	409	213	374	284	456	315
305	256	240	2	289	403	235	303	215	186	403	322	211	198	442	339	747	308	237	416	258	348	295	490	298
306	269	265	3	269	438	264	267	207	191	438	280	198	223	457	292	747	305	255	372	280	364	286	401	268
307	321	299	2	233	381	217	265	202	249	498	321	207	255	483	316	716	360	321	362	236	385	290	410	289
308	288	257	1	258	331	225	312	241	192	469	239	226	233	414	372	860	310	277	347	263	324	286	542	360
309	323	267	2	310	370	230	283	230	244	496	369	219	204	436	291	723	328	284	372	312	368	279	437	289
310	262	248	1	274	482	305	330	231	220	447	262	213	236	486	325	848	284	261	363	256	428	300	456	303
311	298	298	0	303	343	241	290	214	228	432	347	221	216	455	308	758	275	291	412	290	307	308	383	336
312	295	283	1	252	430	258	272	210	198	502	266	213	244	475	323	762	325	328	356	256	406	306	407	288
313	256	238	1	266	380	240	269	244	192	431	330	196	204	469	307	748	283	256	370	279	370	314	460	308
314	309	299	1	251	401	238	286	211	222	461	327	179	228	463	292	701	329	277	357	297	336	293	438	296
315	289	292	2	284	377	222	264	226	230	481	267	197	237	429	344	775	331	283	325	256	329	268	476	303
316	323	351	1	267	344	237	285	234	225	507	380	213	210	395	327	776	389	312	407	294	306	311	487	311
317	321	283	0	310	384	246	329	268	222	484	329	197	221	427	323	789	348	274	408	265	385	298	462	315
318	311	334	2	324	380	252	325	218	220	449	385	233	277	482	376	840	358	305	447	349	402	296	473	325
319	325	300	0	284	433	275	315	242	230	421	338	282	270	495	316	744	314	269	372	290	399	351	442	324
320	292	315	1	306	452	241	284	238	221	460	294	199	277	430	333	687	323	274	388	279	412	301	500	323
321	347	338	0	288	338	266	276	226	246	521	308	198	242	486	295	640	360	295	368	321	398	312	422	321
322	257	304	1	287	408	278	323	265	214	475	297	216	271	425	330	775	331	251	367	267	366	282	486	330
323	289	317	0	328	381	223	278	252	231	557	392	223	252	443	271	753	351	292	451	265	372	281	458	292
324	285	253	1	306	445	311	286	225	235	431	294	210	267	463	295	709	363	241	381	276	408	317	425	298
325	319	314	0	266	347	232	333	223	229	506	321	214	231	444	275	685	333	264	413	271	415	267	459	298
326	302	295	2	313	369	254	303	270	260	480	286	202	229	431	305	734	384	287	393	268	332	268	494	310
327	338	298	1	296	352	203	319	248	278	477	310	229	233	416	341	766	366	314	407	273	310	287	525	353
328	303	275	2	321	414	265	363	274	183	482	337	223	236	440	305	844	332	285	354	272	350	295	474	314
329	413	368	4	330	393	249	262	242	277	537	290	229	281	450	316	723	377	323	371	288	406	290	458	326
330	327	369	2	278	381	272	346	277	222	531	309	213	250	444	402	837	370	272	390	282	410	303	559	382
331	385	320	1	353	388	252	346	261	243	518	495	244	248	481	373	682	351	309	390	350	378	293	489	320
332	354	361	4	307	496	289	363	280	265	555	323	236	353	517	362	732	381	311	431	293	365	456	509	346
333	438	377	1	348	389	196	326	268	299	676	397	224	284	469	329	841	460	392	436	294	422	341	535	368
334	359	335	0	350	463	260	426	317	276	573	362	236	255	457	445	972	415	304	420	319	454	337	716	461
335	1085	1040	0	464	441	261	359	287	815	2054	423	310	326	546	341	870	1424	990	522	406	458	355	574	399
336	357	358	6	355	545	367	1207	877	284	550	367	246	329	621	1178	2619	417	303	447	352	531	429	1966	1138
337	362	380	0	1311	455	263	359	288	292	490	1074	667	286	497	393	759	425	307	1314	931	398	294	551	319
338	391	448	4	330	1408	706	345	275	251	521	320	249	712	1684	366	795	363	307	431	360	1125	931	503	375
339	323	335	2	327	470	301	399	268	248	501	379	236	296	509	400	750	429	287	443	338	434	339	530	330
340	365	360	1	345	411	284	358	260	255	459	338	243	341	459	350	733	372	299	483	386	434	383	469	324
341	323	369	3	389	408	301	293	280	247	449	337	249	344	528	348	714	437	273	460	355	515	379	499	352
342	391	343	3	387	400	277	316	245	277	506	319	209	282	490	356	769	368	314	437	344	418	365	460	312
343	364	387	1	354	405	282	360	295	300	552	340	223	312	472	384	790	413	307	405	391	432	382	505	361
344	379	415	1	377	394	266	345	261	268	497	349	248	323	465	358	756	401	279	402	405	468	354	562	311
345	458	466	9	402	437	283	351	299	322	540	393	264	415	471	422	784	430	351	496	374	434	387	514	367
346	472	431	4	374	420	332	351	338	279	588	367	244	376	540	414	767	377	353	502	382	408	362	554	395
347	500	492	3	415	416	322	370	341	339	585	376	297	377	474	422	801	440	423	503	428	478	381	509	361
348	433	467	4	407	461	303	424	343	312	611	384	300	398	486	458	831	421	389	512	414	498	414	541	406
349	509	468	5	449	482	339	381	368	334	645	478	313	398	574	416	828	492	324	602	498	477	440	587	375
350	479	508	8	464	562	387	426	327	325	578	395	287	417	539	393	828	486	381	502	461	574	467	594	415
351	493	522	6	489	476	367	427	316	433	652	415	319	380	557	454	866	505	357	554	411	513	400	621	436
352	495	513	1	440	533	325	452	369	380	574	454	301	407	570	456	838	448	356	534	435	535	433	606	462
353	540	567	3	455	509	366	429	358	428	674	463	337	387	544	478	755	546	430	550	462	542	463	609	430
354	569	545	5	473	559	377	455	417	357	575	429	295	432	603	555	951	470	419	588	481	570	457	648	509
355	544	504	5	487	535	357	422	349	398	658	509	320	406	579	510	880	502	386	640	557	530	399	692	420
356	478	474	5	457	636	422	448	372	314	622	500	318	505	587	487	860	442	344	609	490	631	557	642	401
357	518	537	3	506	514	357	429	369	379	658	469	305	426	558	479	799	445	391	570	455	561	416	519	418
358	527	549	6	466	544	353	417	367	375	624	420	304	462	555	412	824	448	367	568	422	582	482	579	424
359	432	492	9	478	526	313	453	355	345	621	449	298	422	577	419	833	473	376	544	450	501	405	599	386
360	497	598	3	446	503	354	402	368	353	620	460	262	427	586	430	830	458	442	536	452	515	435	604	454
361	545	566	8	504	493	390	402	366	381	668	421	314	434	562	446	816	476	385	566	450	548	498	621	396
362	559	562	2	498	514	369	402	393	365	734	447	265	429	616	519	900	465	418	586	487	497	467	668	398
363	556	571	2	494	506	370	470	432	405	653	450	305	440	590	465	832	510	334	570	471	540	436	580	474
364	526	510	5	449	527	319	415	391	369	617	512	344	411	541	514	889	507	415	585	528	541	462	669	455
365	515	542	2	546	467	406	412	406	403	622	445	310	433	619	484	847	438	369	577	514	559	444	592	383
366	549	517	6	456	519	339	420	335	399	559	442	312	474	613	423	773	493	388	579	493	545	485	554	402
367	510	564	8	555	449	384	450	356	327	631	416	282	435	575	466	841	459	307	518	494	497	466	636	431
368	515	493	8	465	462	302	444	347	361	639	474	278	384	564	453	777	477	379	557	500	493	379	597	420
369	551	599	3	460	579	351	428	383	412	658	444	282	487	587	449	745	472	414	594	429	485	488	514	391
370	544	556	6	492	498	329	424	399	316	606	406	319	420	584	417	832	545	332	525	413	532	423	615	447
371	506	524	6	519	475	321	440	335	394	642	442	305	382	563	473	813	521	382	575	426	514	396	619	458
372	528	469	4	500	535	374	444	380	360	586	420	319	437	567	425	826	473	404	524	435	486	435	581	432
373	550	544	7	482	546	340	431	350	389	635	431	296	436	596	418	861	543	427	551	508	532	462	596	386
374	1150	1013	6	469	530	381	421	361	761	1418	422	297	405	507	410	879	1255	917	500	477	510	461	632	444
375	534	531	7	481	503	324	853	733	393	654	471	316	402	516	1073	1868	507	365	567	459	494	429	1311	930
376	610	596	7	1148	505	353	438	358	342	692	934	657	379	573	507	797	561	398	1138	913	539	447	646	404
377	480	584	4	507	1119	761	446	429	336	669	445	321	759	1088	504	848	509	392	557	473	1079	876	734	496
378	442	510	4	570	522	344	438	339	367	632	452	344	457	570	469	818	455	343	608	573	516	418	586	394
379	528	531	6	464	558	365	399	322	353	680	444	290	409	606	449	801	472	339	494	499	575	479	584	405
380	479	502	1	496	533	340	426	392	346	643	461	279	457	596	494	785	515	337	480	440	544	367	598	448
381	468	442	5	469	509	314	391	349	342	561	418	333	376	549	440	820	438	334	550	482	543	409	653	401
382	530	510	5	459	547	383	408	350	341	656	419	317	430	550	426	770	483	399	528	460	550	411	537	381
383	512	485	3	458	510	332	455	385	338	567	401	290	375	542	475	807	477	336	468	426	514	455	647	401
384	512	459	8	538	440	329	451	368	327	667	457	335	371	491	429	819	524	392	544	490	493	455	579	406
385	538	517	5	493	558	376	381	339	320	585	428	296	397	545	466	819	486	361	530	416	538	484	676	437
386	534	561	8	566	455	358	418	393	394	667	467	324	377	551	427	834	557	411	552	467	485	403	564	387
387	477	470	5	482	557	334	407	393	343	619	421	318	439	560	483	861	458	306	569	493	521	385	631	448
388	494	515	3	513	511	330	374	345	349	640	480	338	382	490	429	769	481	395	553	487	503	442	573	373
389	515	517	6	400	541	365	417	340	381	659	444	281	386	537	429	777	458	350	541	449	562	408	644	403
390	508	536	4	518	538	340	378	326	403	656	479	297	350	464	446	780	536	367	524	485	503	394	631	423
391	575	608	4	478	537	352	395	372	388	828	401	300	403	513	403	815	701	391	580	448	531	423	681	433
392	1873	1345	6	533	494	339	452	405	999	2719	466	316	393	497	508	978	2699	1136	537	487	498	381	864	478
393	565	540	5	559	511	329	1427	929	344	685	558	345	421	558	1533	3100	548	405	635	457	502	407	3581	1083
394	550	580	4	2251	584	347	390	370	345	674	1699	941	438	619	454	759	600	401	1664	1290	593	449	700	403
395	502	476	5	488	1989	1061	431	416	355	580	468	333	1179	1721	494	859	520	340	511	451	2068	1368	694	387
396	489	484	4	544	535	378	455	331	320	534	484	321	396	565	416	727	447	345	585	496	568	419	592	399
397	483	501	3	490	517	361	365	305	319	499	449	318	432	583	402	705	497	348	497	395	576	459	559	359
398	406	442	2	445	474	329	394	325	306	535	403	274	377	536	444	719	438	322	490	399	482	354	634	390
399	478	440	5	428	489	266	337	312	342	585	411	277	370	477	386	697	499	374	466	410	453	357	559	406
400	576	536	5	484	467	337	358	380	353	593	362	248	376	514	428	716	482	383	439	392	467	371	606	357
401	449	456	1	450	457	282	396	340	329	505	460	286	328	488	442	758	401	310	461	446	476	343	657	394
402	485	484	6	468	485	319	328	270	340	506	427	288	411	454	396	644	482	325	522	356	513	353	533	358
403	450	460	4	451	473	314	368	313	284	550	376	253	376	458	366	633	480	333	487	430	526	382	605	347
404	582	576	8	464	441	268	365	327	380	666	405	273	366	409	408	664	596	357	454	406	469	329	561	351
405	499	486	1	531	477	326	464	320	305	575	445	326	360	483	498	769	482	326	520	446	472	376	772	379
406	464	443	4	595	430	275	384	344	347	529	517	336	352	450	403	695	516	322	539	437	438	339	640	371
407	493	529	3	424	546	326	338	298	318	565	417	258	398	530	408	602	476	343	493	398	587	398	614	400
408	459	489	6	398	488	323	441	309	343	526	423	292	420	453	432	630	464	331	476	419	511	352	641	398
409	528	452	4	442	443	308	419	330	323	575	448	262	354	457	415	700	469	338	509	478	467	414	717	416
410	442	433	1	406	513	296	326	325	293	615	418	276	386	514	397	632	443	334	556	438	517	391	518	370
411	427	443	3	431	481	299	356	293	315	572	429	290	378	473	415	707	512	292	479	349	503	350	542	320
412	500	537	1	429	428	296	349	289	353	547	372	261	335	498	402	652	579	318	463	379	456	365	644	346
413	654	568	3	450	424	260	409	344	401	771	409	224	381	439	461	694	651	390	508	384	437	307	659	374
414	515	435	6	468	429	241	500	352	355	582	461	317	368	441	415	763	517	334	472	469	426	334	777	497
415	474	409	1	516	524	302	378	327	294	598	516	301	393	471	412	706	491	314	563	522	574	360	739	415
416	547	465	2	431	584	450	343	345	344	637	389	252	426	529	434	731	607	391	504	430	660	486	605	404
417	560	449	2	438	473	282	372	417	329	631	389	249	357	537	447	708	556	346	479	363	600	369	705	374
418	1145	813	3	510	473	265	395	334	665	909	481	286	373	441	383	716	1114	673	549	388	441	325	719	405
419	551	455	8	438	533	315	785	555	337	561	484	273	397	482	779	1097	579	313	517	449	519	374	1248	742
420	521	443	2	807	544	258	410	350	348	606	906	414	383	454	376	650	486	293	1033	693	512	333	724	344
421	558	461	3	477	1023	477	380	299	338	571	461	266	704	633	370	699	562	318	566	368	1143	639	675	391
422	610	522	3	443	565	241	375	333	380	621	427	241	364	458	404	705	602	385	441	382	525	356	766	350
423	1372	744	8	458	545	264	435	349	646	1379	454	267	343	418	454	757	1523	670	554	403	478	390	784	450
424	558	462	2	477	488	298	783	557	298	592	486	282	384	460	746	1445	594	345	535	410	461	408	2141	783
425	533	461	5	1001	499	276	390	320	302	572	855	505	438	505	385	713	616	357	888	723	574	397	812	405
426	583	445	1	479	1017	481	453	363	310	539	436	272	639	784	530	797	586	347	515	399	992	587	766	391
427	584	488	4	472	526	292	410	327	319	514	437	263	408	427	385	720	630	342	563	462	580	438	719	358
428	618	493	2	468	538	269	404	315	329	611	448	274	420	438	428	743	632	349	513	362	605	443	889	365
429	542	470	3	525	481	269	424	323	324	581	486	290	349	456	443	752	653	305	527	386	489	379	767	414
430	537	435	5	497	532	284	406	333	294	524	517	267	379	461	414	765	583	327	565	447	560	326	840	360
431	581	430	1	527	530	297	363	316	313	527	475	257	413	468	381	702	568	342	494	412	611	401	776	397
432	640	527	6	440	518	288	434	319	323	555	482	267	358	448	432	712	660	312	568	401	608	366	772	376
433	681	489	7	447	512	265	390	350	378	662	482	257	370	423	464	721	675	377	539	397	520	374	872	399
434	772	599	5	463	558	275	537	336	411	695	502	293	344	388	459	760	902	385	532	402	535	326	896	429
435	1310	810	5	529	552	266	511	371	542	1003	525	312	403	453	558	945	1462	527	624	461	602	407	1180	432
436	2613	1327	3	625	609	326	685	550	1146	1971	579	323	426	478	696	1321	3205	943	649	475	620	400	1970	601
437	1192	655	8	920	678	323	1380	967	516	981	855	438	477	536	1400	2509	1290	492	862	609	710	403	4354	1059
438	797	537	7	1686	993	362	645	506	396	644	1589	750	604	685	650	1215	878	392	1627	1122	987	527	1749	563
439	753	472	4	801	1992	526	479	386	294	647	817	378	1231	1252	508	831	687	355	881	591	1777	931	1244	434
440	691	496	3	617	939	353	454	337	372	633	597	357	607	645	470	801	636	357	719	516	909	541	1090	398
441	731	470	1	511	660	311	445	336	354	506	588	283	492	507	408	747	708	337	626	451	717	450	988	409
442	673	478	4	498	657	265	426	347	361	576	548	294	434	468	434	678	687	390	625	429	606	373	1000	387
443	727	482	4	492	594	271	436	379	299	572	553	280	438	539	430	761	593	335	601	440	640	397	1030	455
444	751	482	3	550	638	272	416	371	339	542	511	299	366	418	401	718	623	367	643	446	647	363	1007	367
445	816	545	4	445	552	293	476	356	339	550	523	263	457	488	449	753	677	370	603	420	674	428	1068	430
446	801	494	7	535	577	343	461	330	340	563	540	310	370	476	420	815	690	346	621	446	594	368	1223	431
447	792	494	2	522	615	293	482	332	332	587	564	325	406	467	438	777	681	358	606	436	611	386	1106	416
448	831	491	2	487	599	301	438	337	342	559	569	302	456	439	443	774	687	327	641	390	635	432	1194	428
449	880	567	4	524	644	288	465	372	422	612	529	301	412	454	450	697	719	352	658	376	618	357	1147	362
450	990	537	1	468	574	286	549	375	411	613	582	296	412	411	461	840	738	402	687	405	609	387	1352	464
451	948	496	2	504	564	268	497	360	394	620	625	292	423	459	451	823	695	402	724	468	635	368	1454	424
452	949	601	2	568	603	293	517	369	336	583	622	311	471	487	451	757	828	384	752	472	659	408	1353	455
453	1031	504	4	487	629	326	540	366	343	597	644	288	472	480	446	868	778	357	693	441	722	417	1488	416
454	1060	562	1	573	638	302	544	360	368	586	620	267	453	464	466	872	727	377	732	441	651	449	1492	425
455	1567	583	2	536	708	281	561	387	494	782	619	341	505	430	451	831	1099	425	856	453	735	444	1467	459
456	1321	574	9	490	650	296	742	467	492	653	620	318	498	519	550	1069	890	408	820	478	708	418	2386	494
457	1592	621	6	676	612	299	609	397	501	704	782	368	501	421	485	898	943	421	1001	534	668	446	1898	446
458	1319	543	5	548	819	364	663	453	377	685	690	331	639	542	493	990	854	389	829	484	920	492	2231	494
459	1428	584	6	550	640	316	641	371	426	692	766	329	555	518	482	899	886	412	954	469	725	473	1881	427
460	1518	577	8	554	803	342	660	404	442	656	687	327	626	485	453	906	954	468	801	499	847	460	2114	437
461	1726	655	3	534	683	324	693	387	440	739	697	323	516	491	504	944	1097	474	898	522	697	416	2169	496
462	2272	742	4	567	682	323	757	443	627	879	733	327	568	458	529	1040	1153	505	918	552	735	481	2539	536
463	1759	621	4	626	735	395	936	485	502	693	741	379	638	500	589	1173	1086	472	1011	568	809	444	3065	566
464	2184	761	6	684	750	362	842	452	637	859	843	377	657	551	568	1125	1227	503	1175	581	862	506	2652	545
465	1881	625	6	626	825	410	908	489	495	748	849	352	880	564	633	1122	1149	465	1128	513	892	606	3139	612
466	2019	837	3	684	776	385	862	446	609	813	864	447	731	654	541	989	1169	546	1267	569	895	574	2895	543
467	2231	670	8	692	851	402	945	540	602	830	832	384	834	645	602	1146	1287	536	1218	563	1006	604	3089	561
468	2363	769	4	628	761	349	860	450	619	844	868	424	778	591	565	1155	1440	583	1190	555	862	524	3213	605
469	2143	706	5	703	902	399	937	547	588	858	836	412	841	710	576	1132	1227	507	1245	590	933	600	3813	639
470	2410	680	10	704	825	395	928	546	660	816	953	437	867	639	542	1046	1306	536	1399	641	973	573	3183	588
471	2406	779	3	648	848	456	941	524	612	785	838	407	918	677	589	1099	1240	547	1244	586	959	643	3294	636
472	2736	784	8	689	831	366	917	560	735	833	819	428	889	613	588	1026	1331	574	1441	619	911	577	3456	575
473	2638	708	10	675	816	400	1066	589	638	845	823	380	921	707	669	1174	1309	596	1418	562	911	588	3894	632
474	2851	746	5	672	868	418	1001	493	727	857	903	432	918	610	618	1221	1476	542	1541	688	907	570	3841	627
475	3116	825	11	724	902	491	1066	584	839	973	908	480	1018	686	643	1168	1479	684	1494	651	935	652	4050	648
476	4073	986	6	661	888	428	1188	625	986	1032	960	477	1034	726	713	1287	2035	744	1636	663	909	587	4369	697
477	3813	896	4	735	828	413	1298	642	929	1075	1052	553	1090	719	778	1471	1756	668	1743	704	947	595	5192	812
478	3433	758	8	852	959	479	1197	628	820	933	1152	576	1250	734	771	1379	1498	640	1937	771	1071	704	5304	733
479	3176	879	6	842	1117	547	1179	645	874	960	1065	522	1468	894	647	1279	1472	655	1904	755	1197	792	4411	641
480	3396	901	5	787	969	533	1122	596	858	953	993	482	1416	862	708	1182	1552	645	1903	670	1073	759	4192	727
481	4047	888	7	759	865	470	1175	623	1026	1087	999	513	1241	801	665	1255	1716	760	1815	684	949	688	4424	674
482	3912	930	6	774	1003	529	1254	667	1046	1059	1023	499	1264	777	745	1312	1620	772	1891	734	980	650	5094	794
483	3916	903	6	905	971	569	1235	676	1024	1037	1105	538	1434	852	675	1293	1701	732	2057	804	990	663	4655	749
484	4172	1071	13	797	964	600	1192	662	1107	1078	1057	570	1413	953	709	1319	1825	832	2055	811	1096	732	4779	827
485	4430	976	5	797	989	527	1424	706	1145	1008	1058	579	1608	895	769	1439	1893	774	2110	810	1003	707	5146	845
486	4473	1017	9	834	971	588	1326	721	1166	1080	1158	617	1495	912	749	1359	1931	804	2200	831	999	727	5261	892
487	5764	1106	7	819	1080	573	1349	702	1460	1243	1192	595	1585	970	783	1494	2283	925	2346	804	1206	821	5421	837
488	10919	1689	5	862	1046	585	1547	830	2669	2056	1207	636	1611	1027	859	1633	3687	1418	2421	904	1145	790	6539	940
489	4504	1077	13	1023	1067	683	2453	1268	1243	1156	1333	730	1757	1139	1288	2334	1854	885	2670	1027	1203	869	11284	1492
490	5106	1131	5	1565	1192	766	1406	771	1311	1118	1904	1107	2032	1177	781	1415	1994	883	3975	1439	1209	917	5215	939
491	4619	986	1	877	1777	1130	1411	748	1240	1111	1200	622	3514	1655	795	1562	1905	880	2383	945	1834	1258	5217	972
492	4712	1080	6	963	1076	680	1413	749	1292	1116	1294	683	1736	1079	816	1510	1814	911	2418	1011	1126	792	5053	890
493	4725	1054	11	963	1168	709	1410	796	1222	1177	1212	650	1877	1142	895	1530	2069	897	2352	970	1176	889	4810	1017
494	4503	1099	9	954	1111	663	1502	745	1301	1147	1231	611	1698	1075	827	1558	1845	882	2464	1091	1175	802	5194	955
495	5692	1186	3	972	1104	724	1477	837	1424	1242	1361	746	1760	1186	862	1552	2254	1034	2591	1005	1193	871	4914	1009
496	4885	1118	12	901	1203	733	1687	943	1466	1255	1283	702	1841	1114	961	1701	2015	984	2425	984	1155	889	5634	1081
497	4818	1064	4	1131	1140	725	1466	867	1303	1303	1448	724	1767	1198	938	1550	1785	950	2722	1036	1130	956	5011	1053
498	5079	1095	3	1000	1318	821	1381	854	1406	1318	1379	777	2018	1248	883	1511	2067	969	2734	1057	1338	1000	4780	1004
499	5587	1230	4	1078	1161	760	1551	854	1486	1391	1433	813	1885	1302	900	1706	2178	1112	2490	1019	1288	942	5454	1042
500	17299	2699	8	1053	1185	739	1666	883	3155	2916	1462	798	1730	1281	1007	1723	5670	2284	2675	1021	1152	842	5371	1194
501	5374	1107	31	1099	1325	842	3814	1881	1502	1316	1496	888	1990	1270	2161	4285	2067	1049	2730	1191	1289	988	14972	2417
502	4799	1216	4	2778	1328	824	1552	917	1376	1250	3015	1726	2000	1362	989	1776	2028	899	5047	2313	1297	1062	5371	1152
503	5574	1244	8	1058	3131	1730	1438	892	1798	1404	1598	844	5081	2688	915	1701	2218	1172	2771	1151	3246	2399	4741	1018
504	6041	1369	13	1079	1346	827	1666	1038	1798	1403	1503	770	2005	1299	1028	1801	2328	1170	2669	1099	1345	1048	5534	1172
505	4952	1248	7	1134	1253	781	1636	952	1582	1379	1648	931	1971	1255	1053	1857	2025	1060	3003	1224	1180	974	5382	1191
506	4544	1231	12	1123	1395	953	1451	921	1442	1231	1717	963	2127	1445	947	1715	1854	973	3020	1133	1313	1069	4824	1066
507	4593	1201	11	998	1461	1014	1535	851	1494	1286	1616	783	2170	1500	941	1697	1934	1031	2723	1132	1407	1063	4236	1067
508	5435	1323	12	981	1237	944	1460	858	1641	1322	1520	829	1956	1419	948	1728	2372	1130	2670	1113	1216	1001	4225	1100
509	4525	1210	6	1022	1278	888	1574	920	1471	1355	1510	821	1802	1271	1127	1894	1995	1058	2739	1100	1238	944	5344	1151
510	4250	1165	5	1162	1314	844	1494	933	1450	1223	1812	908	1759	1298	1007	1706	1715	945	2930	1272	1248	979	4335	1123
511	4798	1368	3	1109	1435	980	1349	907	1567	1395	1633	826	2220	1463	945	1642	1992	1058	2954	1120	1452	1171	3836	1089
512	4014	1171	1	1041	1323	904	1532	906	1324	1275	1582	815	1869	1393	1017	1817	1773	998	2585	1083	1291	1070	4375	1132
513	3882	1169	3	1147	1335	877	1337	859	1285	1314	1791	868	1676	1397	1056	1643	1736	1034	2791	1194	1241	968	3524	1095
514	3734	1165	8	1009	1324	905	1411	853	1295	1258	1672	863	1870	1472	1006	1739	1703	972	2495	1111	1309	1045	3458	1106
515	4145	1210	6	1114	1311	879	1326	896	1349	1356	1755	818	1697	1409	1031	1712	1866	1091	2578	1041	1173	1016	3238	1057
516	4167	1365	12	1115	1397	913	1391	937	1486	1422	1786	807	1608	1336	1078	1750	1977	1120	2478	1167	1333	1091	3479	1116
517	4153	1501	6	1108	1400	886	1429	977	1521	1484	1908	828	1549	1336	1221	1976	2047	1152	2705	1101	1278	1040	3583	1179
518	4135	1441	4	1112	1430	903	1494	1011	1439	1422	2019	898	1625	1469	1213	1958	2103	1148	2729	1207	1317	1011	3610	1274
519	4218	1455	6	1209	1600	925	1638	1027	1540	1503	2114	821	1813	1525	1198	1984	1957	1185	2795	1169	1383	1169	3511	1228
520	3702	1382	8	1216	1620	965	1520	1076	1455	1424	2207	965	1820	1507	1266	2069	1909	1108	2770	1234	1462	1207	3273	1205
521	3755	1394	7	1222	1736	1012	1508	1003	1290	1378	2107	910	1758	1509	1201	1895	1878	1123	2707	1252	1631	1272	3176	1141
522	3645	1460	4	1141	1672	1030	1426	979	1380	1434	2135	885	1819	1523	1204	2012	1907	1142	2593	1233	1477	1271	2919	1132
523	4092	1631	11	1227	1656	1015	1492	995	1540	1370	2230	855	1579	1410	1231	1917	2052	1273	2604	1162	1473	1285	2885	1301
524	3526	1528	7	1167	1672	968	1582	1131	1414	1420	2180	903	1670	1484	1441	2117	1970	1210	2742	1144	1434	1233	3182	1256
525	3587	1580	4	1295	1675	1018	1579	1043	1308	1589	2435	961	1562	1460	1372	2158	1847	1258	2776	1263	1543	1297	2912	1353
526	3632	1662	6	1229	1906	1125	1664	1079	1461	1632	2468	916	1744	1586	1513	2160	2021	1231	2900	1285	1666	1543	3105	1349
527	3907	1826	6	1319	1762	1081	1645	1098	1569	1824	2502	987	1590	1622	1473	2245	2304	1290	2859	1335	1601	1386	2858	1299
528	3473	1673	4	1344	1922	1068	1720	1204	1482	1723	2798	961	1708	1588	1597	2423	2059	1253	2988	1206	1668	1433	3056	1485
529	3870	1757	5	1374	1961	1108	1622	1155	1622	1932	3026	1002	1608	1699	1522	2328	2361	1407	3097	1369	1743	1516	2846	1320
530	4051	1929	9	1371	2092	1080	1778	1338	1721	2023	2909	983	1798	1726	1706	2565	2608	1501	2942	1325	1868	1668	3251	1508
531	3297	1770	7	1528	2066	1083	1880	1398	1433	1762	3244	1067	1699	1686	1810	2911	2214	1341	3100	1359	1826	1602	3447	1518
532	3612	2067	9	1614	2317	1170	1725	1274	1573	1992	3559	1118	1850	1932	1616	2559	2297	1415	3357	1491	2078	1853	2846	1515
533	3272	1979	7	1409	2594	1300	1910	1476	1480	1875	3226	1019	1933	2006	1740	2824	2103	1433	3154	1366	2251	1885	2886	1666
534	3443	1959	7	1621	2416	1134	1774	1334	1536	2028	3511	1125	1670	1775	1722	2687	2403	1490	3168	1397	1979	1698	2844	1519
535	3557	2124	10	1441	2485	1402	1865	1337	1508	2047	3654	1034	1790	1872	1767	2899	2389	1452	3216	1406	2223	1941	2806	1640
536	3412	2216	5	1569	2456	1230	1927	1366	1514	2199	3699	1065	1647	1790	1807	2863	2468	1540	3277	1432	2205	1878	2845	1578
537	2963	2151	9	1637	2653	1300	2061	1475	1363	2020	3904	1114	1765	1976	1904	3058	2299	1582	3293	1469	2296	1948	3043	1747
538	2790	2073	6	1759	2811	1292	1924	1505	1258	2131	4377	1159	1715	1983	1841	2953	2301	1485	3515	1480	2458	2030	2751	1670
539	2885	2223	7	1549	2963	1370	1907	1375	1364	2218	4138	1105	1779	2005	1823	2916	2215	1529	3383	1430	2479	2226	2501	1667
540	3459	2734	5	1609	2769	1347	2039	1492	1575	2635	4463	1070	1883	1856	1925	2977	2731	1815	3324	1498	2444	2172	2791	1748
541	2831	2402	7	1581	2798	1259	2421	1665	1333	2342	4502	1158	1677	1892	2309	3809	2411	1638	3421	1477	2436	2248	3232	2047
542	3164	2670	8	1849	3159	1287	2202	1535	1537	2743	5280	1303	1843	1923	1968	3299	2800	1712	3764	1653	2777	2266	2859	1762
543	4353	3502	10	1694	3583	1434	2362	1803	2146	3315	4795	1137	2123	2101	2230	3919	3788	2294	3480	1498	3075	2808	3080	2002
544	3602	3316	8	1888	3262	1421	3113	2187	2432	3065	5462	1215	1816	1997	2943	5187	3165	2110	3903	1684	2842	2352	4672	2665
545	9245	8043	12	2420	3728	1485	2879	2047	5429	4668	6968	1586	1920	2062	2739	4212	5641	5087	4718	2184	3389	2667	3626	2433
546	2802	3138	9	2075	4944	1964	5430	3413	1553	2988	6620	1313	2487	2529	5904	6588	2765	1960	4494	1862	4550	3574	5410	5132
547	3173	3672	10	3543	4450	1714	2752	1938	1731	3336	11200	2156	2359	2365	2565	4010	3237	2190	8867	3726	4174	3354	3362	2243
548	2883	3440	8	1965	8945	4500	3117	2210	1625	3378	6536	1305	5228	3652	2848	4861	2952	2116	4369	1700	8737	7357	3745	2492
549	2986	3972	5	2206	4313	1638	2950	2284	1755	3825	7189	1482	2147	2198	2727	4449	3316	2603	4594	1872	4187	3216	4012	2393
550	3137	4190	11	2147	4765	1742	3460	2566	2004	4021	7221	1362	2284	2444	3306	4772	3468	2552	4556	1747	4740	3723	4181	2725
551	2892	3953	12	2402	4916	1673	3597	2817	1594	3935	8455	1569	2266	2313	3283	5258	3457	2364	5338	2138	4569	3479	4620	2887
552	4085	4977	11	2593	5556	1960	3619	2658	1738	4873	8062	1876	2535	2449	3229	5309	4395	2798	5230	2406	5495	4165	4543	2645
553	2712	4351	9	2306	5370	1988	4414	2976	1541	3991	8175	1591	2660	2845	3873	7359	3408	2339	5189	2042	5630	4146	5965	3177
554	2811	4543	8	2602	5586	1903	3892	2745	1569	4392	9802	1760	2668	2439	3244	5334	3465	2555	5991	2345	5665	3942	4703	2717
555	3208	4927	12	2300	6791	2158	3920	2933	1743	4737	8337	1621	3623	2921	3301	5439	3880	2819	5178	2041	7886	5417	5025	2808
556	6251	7982	12	2425	5501	1888	4458	3226	3458	7078	8718	1682	2667	2394	3550	5989	6537	4713	5532	2108	5870	4260	5502	3104
557	3455	5858	17	2506	5751	1904	6844	4528	1952	5447	9387	1721	2901	2645	5610	9678	4318	3012	6065	2298	6286	4428	8367	4990
558	3520	5793	9	3385	6254	2045	4796	3475	1999	5469	14537	2457	3109	2777	4306	6938	4261	3065	9148	3636	6928	5012	6307	3349
559	3452	5741	8	2778	10685	3446	5241	3715	1890	5323	10151	1917	5522	3764	4383	6922	4388	3041	6665	2512	11634	8427	6557	3514
560	3320	6096	12	2893	7129	2199	5142	3846	2058	5485	10564	2063	3544	2939	4289	6537	4452	3080	6766	2539	8197	5399	5894	3278
561	3512	6133	13	2720	7126	2356	5296	3947	1918	5888	9971	1920	3643	3088	4404	6452	4640	3239	6940	2632	8086	5876	6377	3433
562	3528	6353	11	2807	7029	2204	5536	4055	2091	5869	10254	1962	3690	3083	4728	6896	4640	3235	7009	2649	7855	5490	6636	3724
563	3732	6925	9	2953	7013	2358	5704	4271	2199	6426	10637	2079	3917	2978	4604	6817	5149	3502	7329	2938	8309	5794	6363	3731
564	3991	7030	17	2948	7221	2357	6081	4479	2352	6695	10822	2175	4114	3271	5092	7298	5049	3591	7424	2995	8580	6113	7345	3961
565	4092	7292	21	3250	7503	2430	6525	4842	2352	7066	11185	2301	4239	3491	5158	7070	5535	3751	8181	3264	8911	6038	7403	3997
566	4768	8145	19	3349	7861	2576	6441	5161	2655	7471	11624	2383	4757	3579	5516	7481	5764	4224	8202	3414	9604	7040	7506	4279
567	4779	7951	13	3563	8035	2628	7187	5498	2632	7863	10978	2527	4854	3814	5930	8454	5948	4261	8448	3400	9740	6734	8625	4552
568	4918	8510	18	3792	8275	2747	7452	5748	2934	8080	11873	2581	4860	4117	6076	8627	6044	4332	9262	3839	9883	7298	8119	4881
569	5198	9027	13	3869	8814	3067	7653	5752	3115	8343	12049	2738	5602	4408	6159	8638	6445	4558	9156	3984	10857	7465	9170	4968
570	6277	10830	12	3807	8914	3181	8197	6223	3910	9711	12399	2722	5810	4664	6634	8985	7690	5202	9743	4111	11045	8172	9094	5189
571	5415	9633	30	4306	9196	3145	9251	6997	3588	8756	12715	3010	5885	4346	7681	9793	7077	4816	10248	4665	11372	7727	9591	5844
572	5162	9654	18	4782	9498	3311	8865	6518	3630	8487	14326	3429	6537	4820	7269	8668	6884	4754	11300	5244	11612	8620	9169	5627
573	5548	10092	17	4375	10914	3889	8329	6574	3761	8966	12690	3022	7348	5452	6954	9031	7128	5147	10753	5092	14006	10335	9083	5602
574	6683	11243	21	4456	10023	3771	8697	6874	4652	10953	12281	3103	6785	5392	7240	9718	8703	5915	10576	4916	12631	9003	9725	5847
575	6481	11075	25	4922	9718	3698	10449	7823	4440	10329	12667	3285	6908	5227	8612	11113	8182	5752	11209	5375	12250	9165	11853	6927
576	6186	11078	23	5555	9969	3768	10039	7473	4181	9434	13624	3799	7434	5541	8009	10080	7730	5410	12445	6521	12266	9326	10751	6444
577	7083	11854	25	5213	11458	4486	9531	7314	4887	11160	13359	3732	8834	6719	7733	9640	7969	5873	12049	6205	13932	11225	9501	6428
578	6209	10533	26	5131	10539	4285	10527	8295	4334	9709	12714	3672	8177	6302	8592	11105	7283	5649	11832	6467	13697	10401	10925	7364
579	6210	10659	23	5616	10044	4074	9452	7433	4336	9529	13424	4010	7950	6179	7972	9249	7425	5612	12703	6963	12918	9805	9593	6549
580	6172	11198	29	5123	10861	4451	9670	7453	4906	10075	12572	3869	8901	6771	8006	9477	7524	6005	11826	6704	13910	10456	9364	6466
581	8777	13652	21	5364	9961	4426	9956	7793	6416	12288	12113	3776	8133	6123	8190	9108	10360	7167	11913	7148	12516	9820	9597	6938
582	6314	10636	27	5525	10043	4422	12162	9418	4868	9415	11729	3880	8487	6489	10108	12916	7148	5755	11904	7250	12277	9798	13130	8272
583	6799	11545	28	6599	9905	4614	9440	7556	5181	10234	13840	4572	8185	6653	7848	8763	7969	6164	14348	8847	12200	9672	9216	6805
584	5912	10547	27	5399	12353	5429	10099	8336	4387	9390	11131	3888	10837	7983	8441	9342	6715	5855	11371	7605	15325	11777	9271	7376
585	6188	10745	24	5696	9365	4523	9153	7538	4933	9116	11498	4313	8058	6364	7515	8099	6890	5971	12330	8115	11599	9407	8049	6704
586	5920	9871	16	5144	9871	4847	9377	7464	4673	8794	9767	3850	8830	6855	7907	8127	6474	5380	11042	7568	11829	9653	7922	6918
587	5963	10306	24	5132	8178	4156	8604	7142	4777	9405	10342	4068	7726	6230	6960	7364	6745	5487	11185	7819	10335	8365	7381	6361
588	5235	8836	24	4712	8482	4234	8351	7205	4355	8267	8547	3737	7691	6121	7056	7706	5702	4953	9854	7109	10044	8007	7897	6471
589	5542	9400	10	4552	6632	3639	7123	6087	4647	8836	8169	3694	6206	5265	5879	6080	6274	5370	9265	7001	8246	6674	6152	5373
590	3680	6204	7	3242	5623	3072	6656	5646	3075	5599	5768	2567	5458	4572	5735	5860	4014	3506	6529	4925	6820	5783	5913	4990
591	2045	3437	5	2195	2859	1707	3155	2722	1711	3110	3551	1657	2791	2383	2614	2687	2128	1989	4142	3284	3452	2949	2680	2444
592	1188	1991	8	1089	1633	934	1570	1456	957	1720	1738	826	1683	1399	1225	1250	1255	1037	2088	1742	2101	1662	1282	1117
