558
571
564
215
258
562
569
417
362
566
485
478
227
570
159
572
556
217
308
479
545
567
566
527
441
573
490
449
561
559
570
579
571
537
156
244
235
575
356
539
554
564
366
281
555
458
568
566
576
460
562
551
551
495
577
548
561
166
567
571
170
549
230
558
441
558
530
552
556
559
548
568
532
564
544
390
559
570
561
200
555
558
566
555
306
547
552
144
308
371
573
553
558
572
578
575
567
228
563
363
565
569
557
208
70
512
570
560
436
469
569
558
561
578
564
363
544
486
567
172
547
576
365
575
571
571
108
108
533
552
547
557
542
516
355
551
425
436
540
558
198
566
411
559
503
526
305
210
301
169
554
258
356
563
550
565
228
537
412
550
579
561
287
560
539
490
573
569
364
563
558
177
125
333
572
116
458
265
549
220
553
549
577
562
476
361
569
581
566
554
557
231
549
565
558
381
130
559
306
493
553
549
558
561
571
544
546
533
576
351
559
484
443
558
566
558
201
192
441
524
568
270
561
535
546
339
548
532
566
488
550
576
553
256
467
152
578
548
572
561
561
482
160
200
558
414
571
501
544
354
503
145
244
540
574
564
577
557
458
135
560
572
562
355
554
532
576
564
554
367
495
337
561
566
570
575
575
438
576
562
128
221
556
482
550
290
267
208
550
569
476
463
394
325
181
561
252
291
204
558
564
565
166
287
557
554
269
240
570
173
271
558
571
302
572
266
558
350
579
561
570
579
156
179
560
557
561
555
568
551
575
576
205
552
569
271
568
555
554
364
553
564
387
543
568
276
547
556
252
559
552
567
544
559
221
199
420
324
274
571
548
234
568
437
557
570
473
549
509
563
558
241
563
130
575
564
419
424
361
571
545
564
539
545
346
560
555
198
557
195
553
561
355
210
561
564
376
564
561
496
547
573
458
579
556
363
577
549
547
549
130
549
188
549
232
513
569
296
560
445
516
565
411
311
567
569
243
560
548
561
554
553
565
529
570
302
438
551
560
545
565
548
542
551
559
401
421
558
564
556
570
275
134
555
560
575
140
79
575
564
549
297
565
563
315
577
422
488
570
559
500
328
389
367
534
260
556
277
571
573
129
417
93
124
352
574
359
554
576
567
454
454
493
553
564
564
573
518
468
573
573
551
458
387
171
563
565
549
564
168
338
337
542
517
263
576
552
567
565
226
561
567
577
414
377
548
550
556
345
547
555
570
546
544
434
569
579
451
544
389
555
557
260
564
549
212
554
212
420
557
571
507
543
553
244
549
560
559
334
566
195
562
423
553
574
575
552
557
538
401
553
86
404
571
270
578
543
104
535
116
575
565
548
553
573
565
571
561
558
435
562
555
307
548
550
555
559
566
556
565
560
560
568
570
557
553
256
565
549
577
561
536
565
557
538
554
200
201
556
549
564
577
563
576
562
569
552
555
183
334
573
271
426
145
564
556
559
553
566
378
567
578
571
387
233
564
557
248
347
553
507
557
481
573
575
540
560
175
561
541
565
213
178
161
527
569
555
274
571
567
558
205
558
166
213
286
543
548
265
202
315
391
547
545
142
572
567
347
560
568
561
227
415
572
565
454
570
556
374
366
541
212
547
555
537
468
475
549
539
258
534
539
573
577
549
562
542
536
346
559
572
555
569
573
574
143
93
570
547
544
548
568
300
377
298
558
568
559
545
242
551
568
574
555
571
561
325
550
388
578
566
552
333
254
562
561
253
562
180
454
570
573
558
534
560
354
366
565
570
248
553
570
557
570
557
561
98
562
459
442
290
560
334
445
526
546
313
562
491
573
552
459
558
180
561
367
574
545
560
414
538
547
497
577
563
406
457
214
573
396
550
433
549
544
573
485
334
484
557
565
304
212
546
356
548
402
454
211
543
548
561
323
576
568
580
546
549
335
195
542
563
552
469
545
153
569
565
552
568
562
358
550
387
555
494
401
350
553
534
568
459
426
568
511
569
485
550
553
570
552
581
539
230
572
514
250
504
380
531
546
571
559
556
490
567
579
578
117
540
548
560
546
540
57
181
565
557
568
395
555
541
562
542
565
536
322
569
537
361
479
559
556
559
559
355
561
555
553
539
548
194
561
563
286
352
361
558
568
127
324
538
562
551
543
557
555
569
542
564
570
575
571
164
490
441
558
568
541
568
572
561
405
572
552
563
562
560
559
569
404
438
555
562
553
221
539
552
571
557
570
553
573
573
555
553
112
557
445
555
494
473
557
552
566
76
549
540
552
536
541
370
567
575
208
555
554
564
278
492
303
567
577
161
554
568
542
559
565
551
389
298
560
566
317
546
561
541
549
236
532
559
371
565
367
471
541
445
405
501
576
560
565
554
559
488
546
556
561
227
110
507
560
370
378
183
552
563
270
557
544
565
414
566
555
575
559
235
337
551
571
571
232
250
556
566
565
237
536
566
270
489
561
460
565
260
279
546
570
570
561
558
543
500
555
470
297
573
551
173
553
542
544
212
149
363
569
558
557
568
571
319
544
556
572
571
369
463
541
554
280
553
166
545
560
484
244
488
561
269
562
564
569
359
558
566
557
494
553
284
564
249
573
503
570
556
526
557
550
571
543
550
571
562
560
502
556
183
199
566
561
551
556
575
557
556
554
546
573
280
391
551
544
508
493
547
198
535
548
550
564
536
151
330
206
542
575
539
477
544
201
576
575
128
246
556
564
548
575
556
566
315
567
544
502
248
559
378
244
570
200
539
557
168
550
343
574
555
349
579
562
553
565
573
574
559
567
347
271
562
503
550
195
567
568
375
559
558
535
551
552
567
570
556
499
568
541
566
545
420
572
563
566
566
571
572
562
563
576
547
240
488
560
572
556
336
446
344
563
159
257
514
561
203
568
560
561
233
533
539
578
165
296
560
236
347
100
573
272
571
154
102
491
467
551
380
564
573
329
559
526
574
575
559
403
238
559
576
558
555
393
575
317
576
573
571
229
200
572
578
171
400
267
570
492
563
575
565
569
416
560
565
429
353
565
555
581
502
548
432
375
353
547
362
569
516
540
479
397
464
444
537
506
372
551
541
409
574
571
563
553
238
248
553
560
561
496
541
204
549
573
499
567
570
566
556
547
567
549
247
568
525
167
552
578
553
558
400
542
573
570
394
561
569
566
561
157
574
155
541
485
542
416
563
572
548
569
380
491
555
194
431
544
209
565
194
541
565
481
560
355
556
438
556
547
204
559
143
559
557
564
218
400
573
515
205
545
556
459
544
547
577
551
573
542
393
508
337
554
469
554
556
489
562
550
544
152
560
544
543
425
380
546
290
570
292
563
447
296
555
548
548
543
470
501
562
478
571
321
548
119
457
556
545
573
555
180
247
548
549
545
551
564
547
547
560
554
569
298
484
551
573
565
257
190
554
299
275
571
561
542
564
568
529
564
276
559
268
385
566
231
154
560
559
533
320
541
565
565
547
565
545
563
552
460
224
556
547
560
561
567
355
172
563
578
569
553
517
242
559
555
551
365
556
96
558
566
545
497
557
560
574
454
181
404
156
580
570
567
574
140
362
365
567
569
301
558
492
201
236
547
541
569
552
382
510
173
235
567
423
558
554
558
567
555
528
565
571
380
345
257
554
552
569
171
117
542
569
573
478
556
566
565
577
433
132
564
557
565
529
361
392
561
253
578
553
136
192
546
264
558
564
551
548
444
572
553
270
567
551
560
562
546
562
548
359
366
233
558
401
490
571
266
529
136
560
353
566
577
547
576
468
485
221
570
547
578
571
545
406
553
561
189
419
576
173
548
557
427
214
190
461
570
568
559
569
565
552
325
570
114
349
550
368
546
560
456
565
177
559
557
303
241
494
118
372
556
203
568
544
347
549
565
147
285
562
556
572
563
560
406
221
565
550
556
420
548
570
556
206
556
544
551
349
578
558
556
573
329
337
564
553
574
536
572
439
551
363
382
567
148
574
519
318
253
577
556
573
563
426
485
554
556
548
555
467
546
566
469
239
552
500
557
509
551
287
563
556
190
511
513
560
502
451
389
238
358
568
224
562
539
282
557
571
567
560
569
555
252
552
556
399
548
559
548
566
345
428
565
561
552
565
548
564
540
575
579
552
255
529
553
564
549
350
558
442
565
559
550
561
576
301
560
563
564
242
552
158
561
544
193
549
545
560
562
541
295
576
544
229
356
541
175
357
489
541
562
569
489
234
541
169
560
574
568
561
573
548
484
577
550
565
561
354
569
137
542
545
578
179
226
555
472
402
562
485
579
575
330
575
567
195
347
561
507
315
543
233
576
554
194
344
444
546
555
387
577
564
185
563
567
556
576
283
564
230
563
575
180
219
306
561
561
353
559
566
257
555
562
541
558
562
534
255
552
570
225
519
568
588
267
165
249
557
564
553
548
559
404
567
392
366
228
556
551
568
562
555
449
390
558
564
545
175
559
386
573
427
562
471
570
559
428
210
462
456
558
433
559
564
555
550
560
568
572
566
577
546
570
555
559
427
549
556
459
561
179
557
549
528
430
573
104
139
555
559
550
569
578
500
553
559
129
561
180
555
549
562
568
250
563
566
568
280
290
575
563
355
551
554
556
554
565
551
547
557
566
490
547
342
551
567
338
255
562
569
576
327
302
350
558
343
577
546
560
552
550
277
581
537
490
565
551
543
540
540
113
399
561
565
343
378
555
275
562
189
558
561
574
469
405
565
555
543
561
576
558
236
379
203
391
467
567
562
559
565
566
553
578
401
558
567
565
562
567
534
559
558
541
194
555
539
162
348
574
548
563
569
456
566
574
289
406
571
563
563
446
545
318
555
575
407
568
541
549
555
457
176
490
407
562
548
533
567
245
204
554
536
569
550
563
579
544
547
404
105
561
567
417
465
501
333
540
300
554
415
561
551
570
564
563
550
545
567
561
540
234
556
567
267
483
313
559
448
548
562
554
549
564
361
358
411
522
543
552
558
353
460
142
566
509
574
565
560
562
569
434
541
565
558
449
568
362
412
545
543
146
560
211
573
559
412
573
566
196
567
528
541
574
534
540
560
543
340
573
557
261
568
558
563
575
549
503
540
224
577
526
534
311
559
249
570
549
178
317
575
572
354
560
372
228
553
478
543
568
559
568
554
580
241
543
557
562
420
303
374
373
165
569
557
453
254
571
540
317
488
443
565
548
391
475
185
546
536
568
220
559
514
552
560
560
481
567
563
565
554
564
177
546
559
574
556
267
567
564
554
119
459
551
229
577
542
521
580
516
549
560
565
314
168
545
452
414
365
324
537
509
453
362
569
577
380
573
294
527
577
432
557
535
507
564
574
541
551
561
568
539
555
297
577
559
569
558
565
571
555
561
529
553
574
420
119
328
561
576
572
577
575
577
279
567
432
563
569
540
408
543
559
341
577
372
226
369
433
533
498
475
563
581
558
570
571
404
252
566
566
574
577
413
575
569
567
351
134
557
572
555
548
451
199
558
299
561
292
201
562
380
400
554
556
558
560
558
380
158
574
554
565
173
174
565
548
434
551
444
491
574
573
580
566
572
562
577
155
535
556
371
550
569
559
202
132
553
127
317
564
438
554
555
566
552
288
414
140
193
320
558
557
356
541
558
559
567
572
551
572
558
355
254
377
555
458
561
439
551
545
544
549
547
341
390
548
552
246
289
547
548
558
566
543
218
146
566
574
467
572
530
547
560
572
459
439
547
174
565
374
488
563
473
545
560
561
577
568
551
553
566
309
576
566
565
539
575
558
559
549
563
558
499
327
572
557
570
543
488
565
573
565
571
564
271
551
570
559
213
565
559
552
544
149
550
392
564
558
574
356
463
332
577
528
314
557
225
562
258
451
569
576
377
550
554
539
360
350
573
569
555
569
160
561
567
569
302
572
551
568
259
571
205
548
558
541
559
443
127
377
555
560
558
552
551
558
442
552
582
564
562
562
566
547
498
558
551
548
553
561
554
570
576
571
554
566
552
471
573
367
232
545
550
564
330
561
559
555
547
480
547
166
572
552
573
557
552
205
557
173
554
573
574
208
528
484
554
554
454
213
403
565
559
562
566
536
261
577
369
567
563
224
122
544
573
556
214
361
238
560
565
552
555
567
569
461
556
573
546
545
553
495
230
430
548
544
463
353
315
491
569
570
128
545
562
556
299
313
547
216
563
580
558
389
546
560
548
564
561
559
564
351
201
459
560
564
551
563
561
572
551
556
565
566
528
489
332
560
197
345
562
569
488
553
564
286
173
209
543
502
151
255
550
373
552
570
407
558
560
336
562
560
181
172
322
426
204
226
537
568
468
567
531
554
233
573
577
548
555
552
253
310
545
551
563
146
387
548
273
522
346
565
558
543
558
362
553
541
570
214
571
493
573
568
554
567
266
514
575
557
564
552
267
219
372
574
566
567
562
379
551
179
567
576
488
566
568
541
575
414
565
549
546
535
558
310
564
553
547
570
559
317
577
197
577
511
350
462
385
569
566
378
228
418
198
558
570
576
475
558
469
539
449
559
493
204
473
195
542
566
365
505
552
561
562
563
396
574
236
557
351
563
245
559
568
567
557
384
431
547
554
555
574
149
562
510
552
575
541
277
444
453
557
566
404
564
306
300
568
551
487
503
551
563
561
290
314
353
555
555
330
557
559
567
548
563
557
277
543
532
568
257
543
480
550
539
347
318
252
564
388
566
313
556
433
540
420
537
560
562
555
487
142
564
562
568
357
560
552
577
564
486
483
557
553
537
551
452
464
536
399
576
579
509
576
449
546
563
559
555
214
191
577
369
550
554
481
495
405
374
152
496
474
573
555
479
177
565
273
568
558
565
456
559
570
429
536
543
574
455
180
498
562
261
540
157
179
549
569
554
282
560
567
551
568
558
492
573
468
570
557
343
382
557
546
545
186
544
550
560
521
220
479
579
397
428
558
255
552
565
251
555
572
384
547
283
547
551
502
435
342
534
539
325
524
557
554
567
153
544
175
581
550
545
239
569
554
561
561
574
557
380
568
574
536
158
552
566
564
562
376
568
551
558
545
521
550
547
474
552
561
560
308
265
574
190
482
558
571
559
196
339
554
568
119
560
550
562
558
253
549
546
550
321
559
552
515
558
206
550
561
564
551
539
567
551
554
512
583
556
314
546
458
387
571
253
239
277
541
548
212
280
329
220
567
545
579
561
549
544
547
551
473
548
273
554
560
554
550
543
500
474
552
226
570
564
555
522
553
565
564
246
570
575
558
553
340
497
262
208
257
554
566
578
547
515
567
545
362
559
550
166
557
462
557
579
235
558
560
563
414
576
330
201
574
547
560
261
406
564
552
550
554
191
503
581
474
554
556
540
223
568
394
573
578
562
536
556
557
564
570
545
230
230
341
567
282
548
555
572
529
555
334
573
366
553
559
561
548
538
545
566
411
559
558
558
576
468
241
371
513
519
553
553
432
562
362
238
568
539
424
563
545
544
212
562
540
552
555
548
570
564
572
558
137
155
544
551
557
556
413
500
495
186
510
570
296
580
465
409
563
548
556
567
549
548
562
320
579
568
567
331
374
576
560
260
534
538
578
560
554
572
459
569
544
438
544
563
556
196
558
332
536
560
576
436
551
562
566
179
241
82
510
294
138
569
553
531
484
556
565
568
568
571
346
215
553
554
361
555
560
538
544
545
568
547
404
565
577
196
345
381
394
490
361
546
556
456
563
555
405
568
157
565
551
320
560
552
411
568
547
552
529
392
279
575
558
563
549
409
495
546
316
560
566
570
429
572
544
378
550
570
249
354
575
568
255
535
554
315
340
571
579
566
482
570
560
572
421
499
287
199
562
208
578
253
183
385
532
562
236
398
528
553
572
571
561
567
263
569
557
256
348
219
537
528
270
569
565
576
292
493
569
558
214
82
564
320
558
578
553
364
538
572
571
551
160
562
560
563
205
570
578
93
223
315
328
555
570
565
573
520
540
572
562
563
441
412
546
553
407
326
416
548
553
197
550
551
322
542
562
446
177
476
494
245
536
566
491
552
553
348
529
542
569
500
541
436
440
552
557
557
564
570
560
564
543
159
558
556
546
448
558
486
553
560
559
281
567
577
544
254
553
551
574
578
537
557
326
562
551
545
365
440
549
520
570
543
565
569
571
561
563
264
572
559
348
263
572
564
467
505
228
547
571
551
382
409
543
563
559
572
313
334
568
548
572
574
155
571
552
554
529
559
557
455
546
558
556
569
555
573
553
299
425
579
564
566
556
563
566
544
177
568
573
458
532
485
560
561
571
543
160
506
546
534
565
177
456
555
237
544
548
532
564
570
144
363
561
576
564
566
567
231
378
561
314
447
556
486
541
546
373
563
313
241
560
546
316
544
570
457
571
377
183
213
340
345
568
522
580
561
559
334
545
411
555
560
484
413
548
559
557
559
344
403
310
523
549
543
379
475
179
565
570
557
451
357
570
547
568
269
554
377
239
575
79
418
551
527
465
557
573
543
544
559
452
379
549
548
570
389
437
575
555
563
559
556
554
376
551
562
547
544
573
546
574
76
482
453
509
243
547
571
560
554
556
429
415
576
434
335
553
244
560
577
578
406
541
300
553
204
555
573
559
581
559
221
345
543
365
501
557
549
490
573
166
530
568
534
579
215
570
579
307
576
562
259
553
564
540
357
566
562
308
310
139
559
478
358
396
559
578
459
354
501
245
566
504
488
567
549
555
555
564
550
565
548
571
194
562
208
555
567
382
260
241
560
245
538
545
213
553
372
550
541
184
403
540
163
561
543
566
553
565
452
558
577
176
550
312
567
118
551
568
558
532
566
328
550
565
570
570
196
574
550
574
559
563
547
210
267
552
567
177
566
566
535
562
542
539
576
241
546
575
544
120
552
565
104
569
550
569
559
405
191
570
552
549
563
564
441
252
541
541
184
568
138
184
489
568
571
475
577
559
361
154
577
572
562
577
526
556
576
277
557
564
578
102
547
372
538
439
550
162
544
363
324
297
385
315
562
405
546
560
550
572
551
233
552
127
551
562
386
129
553
572
572
304
547
370
134
565
558
557
558
344
304
561
567
477
568
540
576
559
217
557
574
560
574
524
543
551
545
253
395
410
354
553
570
567
511
566
540
448
426
367
565
566
541
323
560
328
100
495
560
562
572
348
553
561
425
419
562
408
570
577
565
477
541
560
565
210
545
565
563
552
580
458
457
571
568
562
559
570
230
560
559
401
557
378
552
556
556
536
394
205
550
248
117
375
566
556
562
313
553
542
170
532
405
567
569
559
414
564
567
562
484
127
549
543
562
345
546
267
561
569
198
561
378
549
378
546
555
312
562
568
566
183
562
174
549
388
351
534
565
568
237
381
550
563
536
543
387
353
566
548
243
561
569
575
317
462
482
522
429
554
574
552
560
570
561
568
414
270
547
570
411
454
207
425
558
467
570
561
571
573
108
546
564
548
466
551
557
109
152
555
561
535
581
558
423
279
368
285
376
547
548
568
556
573
439
232
543
557
560
274
201
578
274
545
567
563
577
565
557
359
67
558
552
544
573
566
575
577
566
553
194
567
559
561
574
552
567
438
566
558
547
568
493
173
230
297
473
363
562
116
485
521
515
352
543
559
236
559
186
562
569
263
469
221
242
499
552
385
458
581
375
253
557
158
565
246
533
573
559
561
555
574
543
561
547
540
551
566
566
569
547
555
549
525
533
555
562
190
527
559
556
218
555
397
