0.938144
0.114823
0.131524
0.304802
0.457203
0.845511
0.176871
0.181406
0.201814
0.249433
0.446712
0.00612245
0.00816327
0.104082
0.202041
0.361224
0.412245
0.634694
0.714286
0.135371
0.207424
0.299127
0.576419
0.578603
0.655022
0.674672
0.458696
0.46087
0.226263
0.228283
0.436364
0.438384
0.488889
0.490909
0.638384
0.662626
0.789899
0.909091
0.517007
0.614512
0.0642202
0.392202
0.582569
0.587156
0.62156
0.603412
0.784648
0.78678
0.801706
0.257202
0.314815
0.481481
0.590535
0.59465
0.596708
0.598765
0.600823
0.00470588
0.244706
0.301176
0.345882
0.437647
0.621176
0.642353
0.661176
0.100917
0.231651
0.279817
0.389908
0.438073
0.444954
0.449541
0.516055
0.527523
0.550459
0.603211
0.607798
0.786697
0.942661
0.469586
0.642336
0.0315534
0.182039
0.18932
0.419903
0.798544
0.397959
0.932653
0.617904
0.831878
0.279412
0.504202
0.777311
0.796218
0.442191
0.394628
0.497934
0.768595
0.0293454
0.455782
0.530612
0.537415
0.54195
0.55102
0.582766
0.587302
0.650794
0.662132
0.452869
0.766393
0.942623
0.0477178
0.437759
0.200483
0.468599
0.240175
0.434498
0.480349
0.561135
0.617904
0.620087
0.79476
0.040404
0.0848485
0.115152
0.244444
0.561616
0.60404
0.606061
0.413242
0.520548
0.584475
0.0435685
0.136929
0.161826
0.292531
0.363071
0.383817
0.5
0.553942
0.726141
0.794606
0.0630252
0.237395
0.262605
0.304622
0.369748
0.647059
0.684874
0.802521
0.583153
0.26087
0.596195
0.600423
0.0214797
0.0429594
0.119332
0.202864
0.842482
0.0966981
0.90566
0.0645161
0.0705645
0.570565
0.929435
0.931452
0.141921
0.613537
0.283146
0.435955
0.458427
0.460674
0.575281
0.588764
0.46472
0.559361
0.621005
0.0947631
0.518703
0.668329
0.508314
0.515439
0.104265
0.28436
0.440758
0.537915
0.670616
0.78436
0.864929
0.151639
0.270492
0.293033
0.397541
0.493852
0.641393
0.69877
0.856557
0.883197
0.156
0.25
0.582
0.684
0.752
0.596916
0.599119
0.698238
0.821586
0.010142
0.121704
0.58215
0.756592
0.149573
0.0371179
0.0873362
0.148472
0.248908
0.251092
0.310044
0.473799
0.478166
0.60917
0.615721
0.805677
0.860262
0.299539
0.56682
0.59447
0.0332594
0.643016
0.65
0.659524
0.688095
0.316785
0.340426
0.425532
0.475177
0.498818
0.565012
0.583924
0.735225
0.508728
0.643392
0.650873
0.175743
0.257426
0.579208
0.643564
0.940594
0.37931
0.487356
0.494253
0.528736
0.531034
0.542529
0.588506
0.593103
0.609195
0.967816
0.485915
0.530516
0.58216
0.220374
0.22869
0.906445
0.481928
0.587952
0.0814978
0.318376
0.371795
0.623932
0.0421053
0.138947
0.141053
0.145263
0.151579
0.168421
0.172632
0.176842
0.183158
0.189474
0.197895
0.225263
0.227368
0.273684
0.345263
0.612632
0.76
0.833684
0.930526
0.968421
0.125551
0.165198
0.53304
0.709251
0.982379
0.350763
0.446623
0.448802
0.701525
0.947712
0.427602
0.50905
0.622172
0.776018
0.825792
0.426966
0.498876
0.786517
0.191446
0.203666
0.242363
0.264766
0.266802
0.293279
0.309572
0.346232
0.380855
0.382892
0.395112
0.494908
0.668024
0.751527
0.798371
0.826884
0.85947
0.86558
0.928717
0.429952
0.484909
0.573441
0.973843
0.371921
0.568966
0.598522
0.608374
0.623153
0.655172
0.864532
0.347921
0.417943
0.485777
0.487965
0.555799
0.557987
0.7593
0.765864
0.411085
0.415704
0.503464
0.538106
0.598152
0.270103
0.694845
0.696907
0.760825
0.876289
0.440083
0.446281
0.737603
0.504975
0.557214
0.564677
0.584577
0.614428
0.920398
0.544053
0.621145
0.211087
0.270789
0.556503
0.579957
0.58209
0.605544
0.660981
0.722814
0.748401
0.767591
0.814499
0.840085
0.842217
0.8742
0.929638
0.238866
0.489879
0.595142
0.95749
0.53616
0.783042
0.785536
0.135076
0.189542
0.320261
0.455338
0.601307
0.801743
0.64554
0.558763
0.323591
0.425887
0.461378
0.507307
0.521921
0.56785
0.65762
0.820459
0.951983
0.687755
0.15873
0.428571
0.557823
0.634921
0.85941
0.986395
0.0272277
0.0569307
0.0940594
0.101485
0.165842
0.180693
0.185644
0.230198
0.242574
0.25495
0.346535
0.561881
0.601485
0.606436
0.690594
0.767327
0.861386
0.0342466
0.888128
0.588764
0.32996
0.359408
0.48203
0.581395
0.585624
0.587738
0.59408
0.596195
0.598309
0.615222
0.403397
0.81741
0.927813
0.0539326
0.591011
0.116049
0.209877
0.274074
0.387654
0.501235
0.525926
0.547131
0.581967
0.592213
0.594262
0.596311
0.848361
0.983607
0.478261
0.0490798
0.173824
0.182004
0.335378
0.337423
0.635992
0.785276
0.234783
0.352174
0.354348
0.402174
0.404348
0.530435
0.571739
0.573913
0.578261
0.248
0.272
0.326
0.332
0.436
0.438
0.472
0.478
0.628
0.748
0.75
0.828
0.968
0.180851
0.587473
0.433884
0.56405
0.182377
0.334008
0.516194
0.52834
0.55668
0.564777
0.587045
0.908907
0.10142
0.385396
0.393509
0.0712788
0.157233
0.274633
0.322851
0.446541
0.448637
0.534591
0.587002
0.593291
0.597484
0.763103
0.989518
0.0721443
0.0901804
0.300601
0.48497
0.492986
0.0717213
0.163934
0.272541
0.321721
0.622951
0.651639
0.737705
0.772541
0.831967
0.94877
0.150713
0.0920771
0.505353
0.535332
0.558887
0.614561
0.623126
0.354839
0.270325
0.369919
0.636179
0.78252
0.928862
0.396635
0.463942
0.471154
0.504808
0.548077
0.59375
0.692308
0.730769
0.149184
0.188811
0.333333
0.498834
0.550117
0.592075
0.624709
0.643357
0.923077
0.983683
0.037037
0.0393519
0.0486111
0.650463
0.756944
0.921296
0.31524
0.317328
0.557411
0.716075
0.901879
0.366379
0.512931
0.663793
0.681034
0.851293
0.935345
0.326577
0.672372
0.177419
0.27621
0.306452
0.356855
0.479839
0.481855
0.947581
0.635271
0.641283
0.669339
0.785571
0.0480769
0.0985577
0.213942
0.300481
0.358173
0.449519
0.454327
0.466346
0.588942
0.622596
0.704327
0.728365
0.766827
0.774038
0.778846
0.783654
0.790865
0.846154
0.903846
0.927885
0.0305499
0.0773931
0.152749
0.191446
0.211813
0.266802
0.281059
0.397149
0.415479
0.433809
0.486762
0.492872
0.515275
0.531568
0.537678
0.553971
0.574338
0.576375
0.613035
0.617108
0.635438
0.684318
0.759674
0.769857
0.771894
0.773931
0.822811
0.861507
0.92668
0.561485
0.62877
0.633411
0.642691
0.645012
0.670534
0.477169
0.652968
0.684932
0.0087146
0.16122
0.163399
0.614379
0.623094
0.71024
0.736383
0.501066
0.00204499
0.372188
0.523517
0.582822
0.584867
0.586912
0.593047
0.797546
0.00941176
0.0164706
0.141176
0.52
0.592941
0.602353
0.607059
0.64
0.644706
0.647059
0.654118
0.661176
0.483221
0.550336
0.476596
0.246862
0.970711
0.2407
0.304158
0.369803
0.713348
0.724289
0.728665
0.73523
0.0826446
0.128099
0.252066
0.330579
0.458678
0.534783
0.58913
0.27163
0.303823
0.346076
0.368209
0.440644
0.525151
0.541247
0.83501
0.863179
0.957746
0.98994
0.596916
0.605727
0.746696
0.777533
0.936123
0.019802
0.108911
0.118812
0.138614
0.670792
0.866337
0.871287
0.930693
0.323171
0.408537
0.546748
0.0330969
0.035461
0.0378251
0.0591017
0.0874704
0.0945626
0.1513
0.276596
0.29078
0.293144
0.304965
0.359338
0.413712
0.416076
0.536643
0.539007
0.550827
0.567376
0.654846
0.730496
0.735225
0.862884
0.884161
0.943262
0.213389
0.320084
0.606695
0.843096
0.958159
0.106236
0.12933
0.13164
0.235566
0.247113
0.270208
0.459584
0.579677
0.600462
0.6097
0.616628
0.618938
0.65127
0.669746
0.729792
0.775982
0.856813
0.896074
0.990762
0.301802
0.578829
0.496259
0.503741
0.513716
0.59601
0.915212
0.0408163
0.044898
0.783673
0.785714
0.925773
0.958763
0.279236
0.835322
0.906921
0.935561
0.00702576
0.0796253
0.503513
0.505855
0.604215
0.606557
0.899297
0.164859
0.590022
0.618221
0.759219
0.956616
0.976139
0.464912
0.550439
0.554825
0.583333
0.589912
0.596491
0.600877
0.611842
0.625
0.629386
0.820175
0.885965
0.299595
0.342105
0.00738916
0.352217
0.35468
0.581281
0.583744
0.140476
0.464692
0.47836
0.61959
0.824601
0.150235
0.920188
0.957746
0.098081
0.432836
0.579957
0.680171
0.859275
0.897655
0.788
0.928
0.714953
0.721963
0.726636
0.0113122
0.104072
0.861991
0.762781
0.981595
0.818182
0.820248
0.599576
0.161692
0.348259
0.49005
0.507463
0.626866
0.115464
0.169072
0.243299
0.373196
0.393814
0.430928
0.665979
0.830928
0.861856
0.954639
0.468468
0.470721
0.540541
0.532178
0.581683
0.601485
0.273942
0.347439
0.358575
0.481069
0.52784
0.498829
0.793911
0.135881
0.218684
0.639066
0.547619
0.616883
0.619048
0.62987
0.632035
0.0548246
0.20614
0.359649
0.881579
0.907895
0.914474
0.660508
0.847575
0.87067
0.0174292
0.511983
0.766885
0.123256
0.206977
0.234884
0.390698
0.448837
0.483721
0.502326
0.516279
0.527907
0.55814
0.576744
0.595349
0.597674
0.611628
0.646512
0.769767
0.046
0.112
0.266
0.72
0.836
0.858
0.978
0.244898
0.971429
0.0959184
0.242857
0.459184
0.767901
0.417559
0.550321
0.584582
0.0174564
0.0922693
0.359102
0.42394
0.431421
0.488778
0.53616
0.546135
0.593516
0.658354
0.665835
0.67581
0.860349
0.975062
0.0985222
0.342365
0.349754
0.46798
0.470443
0.475369
0.578818
0.637931
0.11435
0.123318
0.20852
0.217489
0.325112
0.374439
0.403587
0.493274
0.533632
0.556054
0.567265
0.616592
0.641256
0.860987
0.452088
0.628993
0.439825
0.479212
0.285714
0.628571
0.716327
0.744898
0.2457
0.275184
0.633907
0.761671
0.955774
0.970516
0.0150538
0.0236559
0.0258065
0.0946237
0.290323
0.335484
0.501075
0.516129
0.565591
0.597849
0.608602
0.643011
0.716129
0.791398
0.911828
0.950538
0.963441
0.00240964
0.472289
0.515663
0.046875
0.0491071
0.138393
0.506696
0.533482
0.674107
0.700893
0.71875
0.772321
0.790179
0.391727
0.659367
0.80292
0.845622
0.940092
0.54343
0.915367
0.924276
0.975501
0.427184
0.565534
0.949029
0.412134
0.449791
0.552301
0.60251
0.0238095
0.0794702
0.512141
0.801325
0.022541
0.0327869
0.729508
0.922131
0.94877
0.985656
0.214447
0.528217
0.0336842
0.0947368
0.183158
0.258947
0.427368
0.534737
0.551579
0.901053
0.932632
0.426195
0.442827
0.573805
0.600832
0.60499
0.22658
0.518519
0.688453
0.502212
0.612832
0.982301
0.410628
0.7657
0.320088
0.512141
0.638889
0.497619
0.592857
0.688095
0.0300926
0.340278
0.553241
0.766204
0.780093
0.951389
0.10049
0.161765
0.718137
0.82598
0.857843
0.862745
0.524096
0.560241
0.566265
0.580321
0.582329
0.584337
0.588353
0.616466
0.602906
0.757869
0.43459
0.523282
0.587583
0.437788
0.506912
0.518433
0.532258
0.62212
0.629032
0.739631
0.854839
0.108108
0.378378
0.396396
0.774775
0.340122
0.441955
0.470468
0.743381
0.182648
0.239726
0.260274
0.26484
0.292237
0.369863
0.372146
0.447489
0.522831
0.59589
0.598174
0.671233
0.730594
0.39372
0.591787
0.480349
0.484716
0.5131
0.519651
0.556769
0.411135
0.518201
0.807281
0.811563
0.623094
0.0523918
0.241458
0.453303
0.790433
0.835991
0.756148
0.0845666
0.215645
0.374207
0.408034
0.661734
0.953488
0.108216
0.200401
0.629259
0.22541
0.339093
0.341253
0.559395
0.587473
0.965443
0.0731707
0.075388
0.0842572
0.137472
0.144124
0.16408
0.170732
0.297118
0.764967
0.17833
0.180587
0.431151
0.494357
0.262443
0.334842
0.453815
0.495984
0.640562
0.646586
0.781124
0.917671
0.923695
0.10828
0.600849
0.796178
0.4125
0.475
0.4875
0.5625
0.566667
0.570833
0.572917
0.583333
0.608333
0.18595
0.570248
0.00660793
0.310573
0.45815
0.559471
0.596916
0.669604
0.768722
0.85022
0.00744417
0.044665
0.166253
0.26799
0.300248
0.433839
0.529284
0.535792
0.557484
0.659436
0.848156
0.902386
0.0828283
0.248485
0.519192
0.545455
0.743434
0.836364
0.961616
0.975758
0.00697674
0.104651
0.493023
0.588372
0.660465
0.662791
0.672093
0.823256
0.955814
0.427646
0.0183299
0.260692
0.368635
0.786151
0.808554
0.179959
0.237219
0.245399
0.546012
0.586912
0.593047
0.601227
0.893661
0.0307377
0.432377
0.439803
0.449631
0.457002
0.461916
0.476658
0.0833333
0.0961538
0.264957
0.433761
0.440171
0.463675
0.568376
0.602564
0.805556
0.807692
0.910256
0.00811359
0.281947
0.300203
0.432049
0.442191
0.709016
0.0144928
0.0193237
0.352657
0.00649351
0.634199
0.645022
0.647186
0.971861
0.452153
0.727273
0.827751
0.940191
0.00842105
0.266525
0.371002
0.445629
0.454158
0.496802
0.501066
0.507463
0.509595
0.511727
0.513859
0.614072
0.803838
0.831557
0.229399
0.30735
0.311804
0.429844
0.438753
0.596882
0.719376
0.808463
0.939866
0.194726
0.245436
0.298174
0.606491
0.0190275
0.0782241
0.238901
0.245243
0.484144
0.602537
0.657505
0.661734
0.750529
0.809725
0.0278422
0.0464037
0.111369
0.169374
0.399072
0.447796
0.489559
0.545244
0.568445
0.612529
0.651972
0.661253
0.670534
0.809745
0.823666
0.825986
0.839907
0.333333
0.337838
0.68018
0.624724
0.507426
0.70297
0.824257
0.332649
0.511294
0.0333333
0.0354167
0.05625
0.0625
0.108333
0.15
0.260417
0.408333
0.439583
0.445833
0.645833
0.65625
0.71875
0.745833
0.779167
0.85
0.0277136
0.6097
0.583333
0.00410678
0.548255
0.852156
0.037037
0.575569
0.0258621
0.0301724
0.262931
0.383621
0.519397
0.765086
0.806034
0.935345
0.129176
0.0873181
0.241164
0.272349
0.488565
0.613306
0.615385
0.852391
0.228283
0.387879
0.935354
0.140741
0.249383
0.404938
0.451852
0.760494
0.88642
0.97284
0.604839
0.643145
0.453586
0.580169
0.582278
0.584388
0.601266
0.757384
0.00877193
0.10307
0.285088
0.739035
0.0659341
0.0725275
0.0989011
0.123077
0.421978
0.527473
0.58022
0.72967
0.734066
0.736264
0.872527
0.947253
0.710843
0.805221
0.815261
0.817269
0.0405983
0.480167
0.933194
0.252336
0.36215
0.661215
0.915888
0.922897
0.133333
0.4
0.413793
0.422989
0.556322
0.570115
0.712644
0.726437
0.871264
0.96092
0.308017
0.556962
0.93038
0.0539419
0.120332
0.188797
0.672199
0.598253
0.564482
0.56871
0.572939
0.575053
0.58351
0.589852
0.617336
0.79704
0.805497
0.13
0.184
0.326
0.482
0.528
0.578
0.648
0.908
0.91
0.94
0.947257
0.114719
0.61039
0.512077
0.517241
0.559113
0.625616
0.655172
0.425791
0.467153
0.513382
0.574209
0.615572
0.644769
0.666667
0.6691
0.759124
0.113248
0.115385
0.175214
0.220085
0.264957
0.314103
0.384615
0.41453
0.559829
0.583333
0.606838
0.869658
0.101415
0.290094
0.34434
0.464623
0.5
0.636792
0.778302
0.581818
0.00860215
0.0924731
0.212903
0.346237
0.468817
0.531183
0.55914
0.91828
0.444988
0.484108
0.643032
0.674817
0.760349
0.930283
0.271689
0.46347
0.561644
0.60274
0.655251
0.863014
0.509174
0.605505
0.62844
0.639908
0.642202
0.649083
0.450495
0.467822
0.17551
0.281633
0.438776
0.446939
0.485714
0.504082
0.516327
0.52449
0.526531
0.542857
0.591837
0.593878
0.67551
0.679592
0.844898
0.961224
0.977551
0.554825
0.638158
0.525926
0.0340633
0.0437956
0.0486618
0.124088
0.26764
0.574209
0.613139
0.479218
0.414141
0.420202
0.446465
0.563636
0.571717
0.575758
0.585859
0.030303
0.0722611
0.0909091
0.195804
0.219114
0.25641
0.631702
0.248963
0.385892
0.76971
0.771784
0.394299
0.39905
0.47981
0.900238
1
0.118236
0.198397
0.288577
0.304609
0.462926
0.547094
0.677355
0.711423
0.793587
0.728195
0.0680272
0.331066
0.446712
0.634921
0.968254
0.864078
0.191646
0.312039
0.329238
0.334152
0.341523
0.402948
0.407862
0.41769
0.420147
0.486486
0.493857
0.599509
0.616708
0.624079
0.663391
0.668305
0.139423
0.170673
0.235577
0.677885
0.867788
0.882212
0.975962
0.0807175
0.143498
0.486547
0.511211
0.0882353
0.367647
0.371849
0.386555
0.422269
0.460084
0.577731
0.69958
0.773109
0.884454
0.897059
0.953782
0.983193
0.504049
0.558704
0.578947
0.659919
0.692308
0.763158
0.789474
0.923077
0.989879
0.169043
0.953157
0.304
0.434
0.68
0.667431
0.606818
0.00892857
0.225446
0.345982
0.694196
0.727679
0.237687
0.5803
0.584582
0.588865
0.620985
0.732334
0.972163
0.0440098
0.400978
0.597802
0.183406
0.473799
0.169072
0.742268
0.975258
0.987629
0.528509
0.662281
0.391499
0.644295
0.646532
0.64877
0.13786
0.222222
0.386831
0.489712
0.520576
0.0897155
0.0919037
0.12035
0.621444
0.630197
0.63895
0.641138
0.645514
0.656455
0.658643
0.971554
0.177616
0.216545
0.335766
0.454988
0.506083
0.532847
0.579075
0.583942
0.586375
0.588808
0.690998
0.698297
0.70073
0.746959
0.751825
0.754258
0.487603
0.522727
0.778926
0.882231
0.919421
0.46247
0.513317
0.532688
0.263027
0.46402
0.0926316
0.258947
0.435789
0.553684
0.894737
0.069378
0.145933
0.167464
0.177033
0.241627
0.267943
0.277512
0.349282
0.380383
0.392344
0.394737
0.437799
0.442584
0.444976
0.595694
0.610048
0.629187
0.691388
0.799043
0.801435
0.949761
0.582796
0.0486726
0.502212
0.561947
0.661504
0.00228833
0.336384
0.352403
0.409611
0.437071
0.494279
0.537757
0.572082
0.617849
0.622426
0.633867
0.800915
0.935927
0.141079
0.186722
0.873444
0.0375276
0.165563
0.827815
0.958057
0.335664
0.552448
0.58042
0.617716
0.848485
0.853147
0.941725
0.944056
0.118072
0.643373
0.25576
0.474654
0.534562
0.550691
0.557604
0.610599
0.670507
0.921659
0.0763547
0.123153
0.689655
0.987685
0.277551
0.426531
0.477551
0.485714
0.577551
0.683673
0.877551
0.594142
0.596234
0.610879
0.617155
0.621339
0.623431
0.625523
0.0348584
0.043573
0.272331
0.464052
0.227459
0.321721
0.586066
0.704918
0.795082
0.831967
0.907787
0.961066
0.989754
0.993852
0.434243
0.501241
0.0597345
0.526549
0.756637
0.838496
0.283951
0.48642
0.518519
0.683951
0.102041
0.372632
0.404211
0.576842
0.583158
0.92
0.599089
0.0222222
0.266667
0.34321
0.454321
0.461728
0.491358
0.832099
0.982716
0.985185
0.431866
0.473795
0.60587
0.610063
0.15122
0.560976
0.57561
0.506696
0.618304
0.808036
0.825893
0.993304
0.549296
0.558685
0.725352
0.458586
0.581818
0.983838
0.0282353
0.64
0.865882
0.4821
0.534606
0.632458
0.504902
0.647059
0.490566
0.227074
0.39738
0.469432
0.622271
0.624454
0.626638
0.628821
0.553611
0.603939
0.619256
0.46384
0.473815
0.120988
0.385185
0.434568
0.898765
0.930864
0.948148
0.538647
0.548309
0.55314
0.562802
0.618357
0.975845
0.698347
0.00649351
0.0909091
0.212121
0.341991
0.415584
0.458874
0.465368
0.0871369
0.307054
0.340249
0.383817
0.392116
0.394191
0.40249
0.441909
0.479253
0.510373
0.572614
0.802905
0.989627
0.384615
0.645688
0.806527
0.846154
0.927739
0.173913
0.541063
0.881643
0.980676
0.781022
0.841849
0.86618
0.579295
0.404706
0.428235
0.543529
0.545882
0.625882
0.0835118
0.537473
0.642398
0.5
0.590129
0.592275
0.594421
0.596567
0.600858
0.603004
0.60515
0.609442
0.611588
0.618026
0.622318
0.626609
0.451537
0.465721
0.468085
0.739953
0.678815
0.0684932
0.131846
0.139959
0.793103
0.849899
0.562368
0.600423
0.228866
0.223881
0.317697
0.556503
0.646055
0.658849
0.517467
0.631004
0.633188
