0.251572
0.603774
0.779874
0.899371
0.949686
0.974843
0.692308
0.974359
0.980769
0.987179
0.99359
0.210843
0.361446
0.39759
0.891566
0.588235
0.335
0.166667
0.371429
0.284884
0.389535
0.494186
0.598837
0.703488
0.912791
0.25
0.481481
0.490741
0.537037
0.740741
0.787037
0.574074
0.601852
0.796296
0.916667
0.953704
0.962963
0.972222
0.981481
0.990741
1
0.545455
0.0946746
0.159763
0.218935
0.402367
0.763314
0.810651
0.83432
0.0225989
0.0338983
0.265537
0.271186
0.59322
0.638418
0.711864
0.785311
0.960452
0.966102
0.971751
0.977401
0.983051
0.988701
0.99435
1
0.464
0.706897
0.507692
0.653846
0.992308
0.453125
0.546875
0.572917
0.677083
0.682292
0.770833
0.802083
0.979167
1
0.4625
0.7
1
0.103704
0.820312
1
0.17341
0.283237
0.75
0.0335196
0.162011
0.217877
0.223464
0.234637
0.240223
0.636872
0.642458
0.135678
0.21608
0.276923
0.415385
0.553846
0.607692
0.272727
0.277778
0.292929
0.393939
0.5
0.540404
0.555556
0.606061
0.364103
0.369231
0.374359
0.384615
0.45641
0.517949
0.635897
0.651282
0.682051
0.825641
0.830769
0.938462
0.196809
0.00746269
0.119403
0.328358
0.410448
0.619403
0.45
0.992857
1
1
0.108527
0.302326
0.387597
0.410853
0.573643
0.658915
0.666667
0.937984
0.976744
1
0.333333
0.677419
0.72043
0.763441
0.989247
0.314516
0.975806
0.239766
0.994152
0.994872
1
0.288462
0.778846
1
0.01
0.02
0.11
0.295
0.69
0.805
0.98
0.985
1
0.0382514
0.0437158
0.234973
0.857923
0.89071
0.934426
0.983607
0.613793
0.710345
0.325714
0.994382
0.509317
0.565217
0.583851
0.652174
0.658385
0.763975
0.770186
0.993789
0.361446
0.993976
0.971831
0.629371
0.258065
0.688172
0.935484
0.989247
0.316667
0.338889
0.638889
0.677778
0.683333
0.711111
0.961111
0.214286
0.632653
1
0.161111
0.338889
0.772222
0.938889
0.230769
0.266667
0.292308
0.471795
0.989744
0.994872
0.491228
1
0.469072
0.541237
0.294643
0.383929
0.553571
0.955357
0.991071
1
0.663636
0.772727
0.990909
0.0874317
0.17341
0.184971
0.283237
0.890173
0.409396
0.416107
0.463087
0.47651
0.52349
0.543624
0.651007
0.731544
0.979866
0.728916
1
0.344262
0.382514
0.978142
1
0.442211
0.778894
0.434343
0.742424
0.0728477
0.0860927
0.649007
0.748344
0.821192
0.874172
0.953642
0.105
0.52
0.615
0.303571
0.369048
0.375
0.511905
0.607143
0.755952
0.0205128
0.333333
0.466667
0.476923
0.917949
0.194969
0.314465
0.459119
0.81761
0.181818
0.675325
0.27451
0.313725
0.06
0.374269
0.397661
0.467836
0.596491
0.982456
0.988304
0.598802
0.60479
0.652695
0.658683
0.712575
0.718563
0.730539
0.624204
0.802548
0.974522
0.980892
0.987261
1
0.608247
0.618557
0.680412
0.695876
0.871134
0.881443
0.943299
0.134021
0.139175
0.376289
0.391753
0.757732
0.948454
0.447552
0.461538
0.972028
0.979021
0.986014
0.993007
0.411765
0.111111
0.455556
0.472222
0.477778
0.938889
0.321053
0.336842
0.584211
0.826316
0.989474
0.994737
0.993506
0.255814
0.377907
0.383721
0.412791
0.424419
0.465116
0.831395
0.924419
0.375
0.427083
0.6875
0.989583
1
0.39779
0.403315
0.40884
0.79558
0.933702
1
0.0357143
0.742857
0.213873
0.387283
0.393064
0.398844
0.245614
0.848485
0.419118
0.0416667
0.375
0.411458
0.994792
0.354497
0.37037
0.242775
0.445087
0.50289
0.508671
0.601156
0.751445
0.184211
0.5
0.859649
0.0112994
0.0451977
0.0903955
0.237288
0.276836
0.344633
0.372881
0.638418
0.677966
0.762712
0.355932
0.0204082
0.993243
0.436842
0.652632
0.868421
0.352332
0.544041
0.65285
0.658031
0.989637
0.24
0.314286
0.977143
0.538462
0.627219
0.733728
1
0.423358
0.554745
1
0.241026
0.415385
0.54359
0.43299
0.659794
0.706186
0.731959
0.0111111
0.0444444
0.0888889
0.244444
0.35
0.377778
0.638889
0.644444
0.677778
0.722222
0.49697
0.527273
0.545455
0.587879
0.763636
0.824242
0.771429
0.834286
0.156425
0.335196
0.893855
0.938547
0.576923
0.971154
0.980769
1
0.107914
0.172662
0.23741
0.410072
0.155039
0.589147
0.868217
0.891473
1
0.338889
0.0154639
0.206186
0.670103
0.462963
0.475309
0.987654
0.993827
1
0.738636
0.744318
1
0.514286
0.666667
0.492958
0.542254
0.647887
0.828767
0.986301
0.280612
0.591837
0.596939
0.989796
0.994898
0.339394
0.345455
0.442424
0.533333
0.581818
0.666667
0.672727
0.818182
0.824242
0.951515
1
0.616216
0.989189
0.338983
0.389831
0.39548
0.418079
0.977401
0.988701
0.478992
0.0297619
0.0833333
0.27381
0.404762
0.422619
0.982143
0.994048
0.294118
0.613445
0.529851
0.716418
0.398734
0.405063
0.449367
0.455696
0.696203
0.49711
0.982659
0.988439
0.99422
0.655172
0.798851
0.804598
0.982759
0.993548
0.106061
0.424242
0.462121
0.469697
0.712121
0.833333
0.992424
0.985714
0.0518135
0.160622
0.953368
0.69863
0.787671
1
0.149425
0.235632
0.252874
0.614943
0.977011
0.982759
0.24375
0.30625
0.81875
0.015748
0.19685
0.220472
0.228346
0.330709
0.464567
0.535433
0.551181
0.748031
0.755906
0.866142
0.976378
1
0.355422
0.506024
0.967213
0.97541
0.983607
0.632812
1
0.121827
0.279188
0.893401
0.918782
0.352601
0.83815
0.855491
0.715232
0.97351
0.980132
0.986755
0.993377
0.895028
1
0.290698
0.459302
1
0.162437
0.304569
0.984772
0.0505051
0.0858586
0.217172
0.252525
0.40404
0.823232
0.446154
0.228188
0.993289
0.316901
0.542254
0.978873
1
0.251309
0.267016
0.455497
0.513089
0.539267
0.554974
0.591623
0.78534
0.151316
0.414474
0.605263
0.618421
1
0.0225989
0.203822
0.808917
0.923567
0.385475
0.402235
0.698324
0.743017
0.98324
0.370968
0.392473
0.521505
0.326797
0.444444
0.0685714
0.725714
0.994286
0.0759494
0.367089
0.462025
0.617347
0.658163
0.979592
0.994898
0.705882
1
0.204188
0.246073
0.26178
0.455497
0.19708
0.503226
0.33871
0.451613
0.655914
0.763441
0.795699
0.670391
0.715084
0.832402
0.463415
0.47561
0.536585
0.54878
0.585366
0.597561
0.743902
0.756098
1
0.514493
0.980892
0.987261
0.38191
0.185792
0.47561
0.54878
0.585366
0.609756
0.35625
0.3625
0.505376
0.55914
0.956989
0.967742
1
0.253807
0.299492
0.977401
0.238994
0.496855
0.393548
0.4
0.980645
0.412429
0.677966
0.785311
1
0.5875
0.975
0.00564972
0.293785
0.361582
0.531073
0.666667
0.768362
0.80226
0.0111732
0.329609
0.681564
0.709497
0.849162
0.960894
0.962025
1
0.986842
1
0.0481928
0.108434
0.150602
0.662651
0.813253
0.489209
0.633094
0.690647
0.820144
1
0.467391
0.603261
0.798913
0.147239
0.981595
0.98773
0.363636
0.5625
0.602273
0.801136
0.459184
0.622449
0.474576
1
0.7
0.708333
0.371728
0.455497
0.539267
0.979058
0.984293
0.994764
0.0652174
0.771739
0.983696
0.994565
0.630435
0.746377
0.992754
0.184783
0.201087
0.478261
0.625
0.706522
0.746753
0.993506
1
0.303922
0.343137
0.705882
0.970588
0.980392
0.987654
0.993827
0.275591
0.346457
0.535433
0.818898
0.984496
1
0.649254
0.970149
0.52
0.128205
0.735294
1
0.88189
0.37931
0.385057
0.390805
0.41954
0.517241
0.890805
0.25
0.490741
0.537037
0.740741
0.787037
0.412844
0.495413
0.513761
0.59633
0.715596
0.990826
0.532895
0.986842
0.597015
0.955224
0.886598
0.190751
0.450867
0.693642
0.99422
1
0.284946
0.306452
0.876344
0.335443
0.462025
0.993671
0.121053
0.257895
0.468421
0.773684
0.836842
0.873684
0.994737
