0.469767
0.674419
0.962791
0.127907
0.290698
0.523256
0.569767
0.0660793
0.0748899
0.0792952
0.23348
0.969163
0.973568
0.977974
0.982379
0.986784
0.991189
0.995595
1
0.465438
0.557604
0.691244
0.709677
0.718894
0.995392
0.627049
0.995902
0.0340426
0.289362
0.446809
0.638298
0.787234
0.812766
0.817021
0.821277
0.859574
0.910638
0.245552
0.469565
0.7
0.852174
0.188596
0.22807
0.609649
0.675439
0.75
0.960526
0.964912
0.969298
0.973684
0.97807
0.982456
0.986842
0.991228
0.413462
0.423077
0.860577
0.903846
0.319048
0.528571
0.590476
0.642857
0.985714
0.995238
0.368217
0.620155
0.697674
0.705426
0.829457
0.844961
0.984496
0.996124
1
0.139623
0.972727
0.688312
0.969697
0.974026
0.978355
0.982684
0.987013
0.991342
0.995671
1
0.442786
0.447761
0.552239
0.751244
0.905473
0.448148
0.617188
0.196721
0.209016
0.655738
0.0497738
0.520362
0.728507
0.737557
0.900452
0.986425
0.627586
0.779026
0.996255
0.514423
0.337302
0.396825
0.468254
0.694444
0.869048
0.556701
0.821306
0.647059
0.77451
0.61324
0.637631
0.724739
0.735192
0.749129
0.912892
0.620818
0.765799
0.814126
0.996283
0.0291667
0.154167
0.433333
0.958333
0.0110701
0.273063
0.546125
0.712177
0.933579
1
0.473171
0.507317
0.55122
0.420664
0.745387
0.235507
0.474638
0.496377
0.514493
0.119048
1
0.0950226
0.470588
0.524887
0.533937
0.306569
0.313869
0.372263
0.489051
0.529197
0.807692
0.858974
0.439834
0.514523
0.987552
0.991701
0.0047619
0.0714286
0.0761905
0.219048
0.4
0.590476
0.638095
0.690476
0.780952
0.804762
0.842857
0.933333
1
0.482759
0.793103
0.931034
0.341216
0.364865
0.824324
1
0.395062
0.650206
0.654321
0.614545
0.64
0.781818
0.0572391
0.144781
0.390572
0.599327
0.720539
0.744108
0.909091
0.949495
0.176923
0.373077
0.423077
0.780769
0.853846
0.857692
1
0.411552
0.877256
0.880866
0.884477
0.51711
0.0575221
0.207965
0.221239
0.230088
0.327434
0.836283
0.134615
0.496154
0.530769
0.980769
0.79717
0.990566
0.995283
1
0.608491
0.79717
0.0409836
0.856557
0.637037
0.992188
0.218905
0.393035
0.527363
0.804428
0.197425
0.129032
0.903226
0.991935
0.667883
0.718978
0.146341
0.985366
0.990244
0.995122
1
0.0328638
0.169014
0.234742
0.549296
0.0769231
0.258741
0.664336
0.699301
0.895105
0.905594
0.933566
0.392453
0.475472
0.479245
0.539623
0.630189
0.660377
0.549505
0.559406
0.678218
0.732673
0.772277
0.945545
0.76652
0.845815
0.859031
0.863436
0.245283
0.320755
0.429245
0.481132
0.5
0.759434
0.678295
0.233333
0.258389
0.308725
0.704698
0.0123967
0.533597
0.711462
0.750988
0.641129
0.834677
0.582759
0.606897
0.617241
0.158879
0.71028
0.985981
0.990654
0.400943
0.665094
0.683962
0.985849
0.995283
0.173913
0.221739
0.3
0.526087
0.652174
0.782609
0.804348
0.821739
0.112
0.424
0.696
0.573427
0.622378
0.244344
0.330317
0.366516
0.384615
0.39819
0.411765
0.447964
0.233813
0.244604
0.643885
0.730216
0.996403
0.818792
0.832215
0.273128
0.757709
0.911894
0.540741
0.885185
0.985185
0.0638298
0.174468
0.331915
0.429787
0.434043
0.476596
0.510638
0.612766
0.103448
0.487069
0.655172
0.772
0.607595
0.616034
0.632911
0.565385
0.846154
0.988462
0.304659
0.311828
0.408602
0.612903
0.795699
0.806452
0.966981
0.971698
0.976415
0.981132
0.985849
0.990566
0.995283
1
0.0642857
0.0928571
0.314286
0.364286
0.367857
0.432143
0.435714
0.442857
0.671429
0.964286
0.159836
0.241803
0.381148
0.754098
0.832714
0.380282
0.616197
0.84507
1
0.414286
0.482143
0.678571
0.732143
0.735714
0.782143
0.864286
0.0728155
0.398374
0.569106
0.577236
0.703252
0.707317
0.99187
0.995935
0.427419
0.576613
0.596774
0.665323
0.721774
0.586066
0.651639
0.885246
0.922131
0.95082
0.995833
0.447471
0.59144
0.638132
0.476395
0.484979
0.51073
0.523605
0.575107
0.60515
0.83691
0.991416
0.425676
0.797297
0.15678
0.283898
0.550847
0.0840336
0.336134
0.558824
0.941176
0.966387
0.97479
0.510917
0.956332
0.483146
0.513109
0.677903
0.470588
0.659664
1
0.278226
0.451613
0.721774
0.850806
0.907258
0.96371
0.967742
0.382353
0.5
0.568627
0.642157
0.803922
0.985294
0.0769231
0.190283
0.234818
0.283401
0.817814
0.854251
0.939271
0.955466
0.684211
0.741627
0.985646
0.889908
0.990826
0.995413
1
0.395122
0.445205
0.458904
0.636986
0.141892
0.14527
0.655405
0.522267
0.805668
0.251678
0.255034
0.298658
0.637584
0.177258
0.190635
0.327759
0.391304
0.408027
0.434783
0.438127
0.468227
0.551839
0.585284
0.652174
0.73913
0.759197
0.846154
0.963211
0.966555
0.9699
0.338182
0.389091
0.501818
0.505455
0.509091
0.901818
0.996364
0.619565
0.212687
0.324627
0.44403
0.402597
0.411255
0.415584
0.424242
0.917749
0.930736
0.285714
0.357143
0.361607
0.410714
0.495536
0.5
0.504464
0.660714
0.964286
0.342975
0.355372
0.333333
0.457711
0.492537
0.547264
0.835821
0.0932203
0.228814
0.233051
0.245763
0.419492
0.436441
0.45339
0.627119
0.639831
0.669492
0.830508
0.84322
0.710638
0.906383
0.0389105
0.0544747
0.0622568
0.136187
0.14786
0.268482
0.416342
0.859922
0.910506
0.0681818
0.0719697
0.473485
0.69697
0.0407407
0.062963
0.12963
0.240741
0.266667
0.944444
0.985185
0.996296
0.695279
0.871245
0.018797
0.274436
0.278195
0.289474
0.890977
0.153846
0.303167
0.470588
0.511312
0.606335
0.683258
0.733032
0.0046729
0.0420561
0.0654206
0.327103
0.434579
0.761682
0.808411
0.957944
0.962617
0.96729
0.971963
0.976636
0.981308
0.985981
0.990654
0.291228
0.635088
0.0452489
0.171946
0.678733
0.968326
0.972851
0.977376
0.9819
0.986425
0.99095
0.995475
1
0.635922
0.961165
0.462451
0.521739
0.652174
0.671937
0.988142
0.430962
0.447699
0.556485
0.573222
0.1777
0.205575
0.296167
0.324042
0.0294118
0.0336134
0.180672
0.94958
0.987395
0.53125
0.607143
0.340426
0.64539
0.984127
0.176471
0.235294
0.721569
0.733333
0.839216
0.968627
0.404959
0.983471
0.991736
0.995868
0.169492
0.216949
0.386441
0.104803
0.10917
0.117904
0.462882
0.563319
0.877729
0.649573
0.871795
0.995726
1
0.353982
0.420354
0.49115
0.641593
0.761062
0.827434
0.0386266
0.184549
0.407725
0.553648
0.699571
0.830435
0.0913242
0.232877
0.388128
0.589041
0.607306
0.657534
0.762557
0.0077821
0.0583658
0.0661479
0.140078
0.51751
0.521401
0.610895
0.63035
0.649805
0.657588
0.750973
0.77821
0.785992
0.789883
0.793774
0.848249
0.888889
0.883895
0.855422
0.960526
0.969298
0.973684
0.97807
0.982456
0.986842
0.991228
0.995614
1
0.461905
0.47619
0.804
0.864
0.868
0.232143
0.328571
0.378571
0.539286
0.875
0.996429
0.262069
0.396552
0.424138
0.427586
0.524138
0.582759
0.737931
0.748276
0.027451
0.141176
0.145098
0.313725
0.690196
0.701961
0.764706
0.780392
0.866667
0.905882
0.978339
0.298182
0.454545
0.716364
0.727273
0.752727
0.814545
0.0246305
0.0689655
0.152709
0.197044
0.226601
0.236453
0.285714
0.334975
0.364532
0.428571
0.546798
0.591133
0.62069
0.655172
0.674877
0.724138
0.783251
0.788177
0.812808
0.960591
1
0.622837
0.792388
0.795848
0.15102
0.17551
0.338776
0.342857
0.346939
0.355102
0.359184
0.738776
0.755102
0.392157
0.529412
0.534314
0.980392
1
0.102564
0.74359
0.82906
0.363296
0.151659
0.165877
0.436019
0.450237
0.153257
0.425287
0.879464
0.883929
0.995536
0.554217
0.718876
1
0.311203
0.988189
0.627273
0.731818
0.786364
0.922727
1
0.531835
0.610487
0.353712
0.991266
0.995633
0.272109
0.428571
0.493197
0.683673
0.986395
0.993197
0.835017
0.841751
0.996633
0.0609319
0.358407
0.429204
0.49115
0.5
0.517699
0.831858
0.982301
0.986726
0.99115
1
0.103175
0.376984
0.68254
0.77592
0.434932
0.613014
0.736301
0.99005
1
0.722222
0.0314961
0.602362
0.673228
0.787402
0.830709
0.996063
0.0650407
0.577236
0.525952
0.178899
0.536697
0.62844
0.775229
0.926606
0.944954
0.981651
0.0375587
0.0985915
0.366197
0.478873
0.596244
0.70892
0.713615
0.71831
0.732394
0.542222
0.613333
0.375969
0.583012
0.594595
0.996139
1
0.995122
1
0.301724
0.797414
1
0.292683
0.526829
0.57561
0.64878
0.760976
0.475962
0.543269
1
0.982143
0.401869
0.593458
0.890756
0.987395
1
0.569565
0.595652
0.986957
0.995652
1
0.220736
0.264214
0.341137
0.421405
0.424749
0.628763
0.287037
0.435185
0.49537
0.99537
0.845771
1
0.0104895
0.416084
0.349282
0.363636
0.37799
0.401914
0.545455
0.215686
0.635294
0.72549
0.815686
0.905882
0.446078
0.637255
0.642157
1
0.570815
0.521739
0.72332
0.98419
0.988142
0.992095
0.996047
1
0.032967
0.630037
0.798535
0.995327
0.501873
0.509363
1
0.497717
0.60274
0.625571
0.981735
0.986301
0.990868
0.0307018
0.0350877
0.0482456
0.0570175
0.0657895
0.0701754
0.22807
0.960526
0.964912
0.969298
0.973684
0.97807
0.982456
0.986842
0.991228
0.544118
0.715686
0.995098
1
0.118367
0.293878
0.302041
0.4
0.722449
0.755102
0.930612
0.983673
0.631769
0.99639
0.55
0.636667
0.763333
0.84
0.0689655
0.886207
0.680934
0.559524
0.571429
0.746032
0.205607
0.308411
0.364486
0.383142
0.478927
0.51341
0.555556
1
0.617021
0.996454
0.822727
0.854902
0.878431
0.179283
0.262948
0.36255
0.741036
0.45583
0.484099
0.710247
1
0.372385
0.703557
0.810277
0.150485
0.218447
0.252427
0.359223
0.601942
0.771845
0.893204
0.902913
0.917476
0.757322
0.857741
0.32852
0.519856
0.848375
0.851986
0.855596
0.98556
0.98917
1
0.0142857
0.214286
0.217857
0.221429
0.235714
0.239286
0.504545
0.029304
0.435897
0.736264
0.358407
0.982301
0.097561
0.792683
0.324427
0.347328
0.5
0.75
0.459144
0.809339
0.81323
0.996109
0.719149
0.51341
0.521073
0.605381
0.982063
0.2
0.226087
0.386957
0.404348
0.76087
0.782609
0.726087
0.543568
0.751037
0.771784
0.775934
0.809129
0.813278
0.946058
0.52521
1
0.25
0.442568
0.543919
0.547297
0.628378
0.662162
0.115385
0.153846
0.257692
0.280769
0.353846
0.357692
0.403846
0.473077
0.623077
0.253112
0.460581
0.614108
0.659751
0.489796
0.829932
0.627907
0.702326
0.748837
0.813953
0.851163
1
0.612903
0.0682731
0.24498
0.293173
0.417671
0.526104
0.835341
0.501961
0.960474
0.65019
0.870722
0.269406
0.424658
0.56621
0.652968
0.707763
0.207407
0.581481
0.67037
0.855556
0.243151
0.263699
0.534247
0.575342
0.327103
0.336449
0.392523
0.504673
0.551402
0.658879
0.663551
0.985981
0.439024
0.453659
0.595122
0.609756
0.692683
0.75122
0.765854
0.873171
0.995122
0.744395
1
0.269388
0.293878
0.408163
0.42449
0.563265
0.681633
0.955102
0.0275591
0.314961
0.748031
0.862205
0.937008
0.948819
0.96063
0.988189
0.284091
0.469697
0.534091
0.685606
0.494297
0.73384
0.86692
0.00843882
0.0126582
0.181435
0.21519
0.662447
0.78481
0.78903
0.822785
0.827004
0.515152
0.532468
0.727273
0.78355
0.995671
0.560166
0.0704225
0.492958
0.0111524
0.0148699
0.0185874
0.0223048
0.698885
0.0334728
0.0669456
0.192469
0.297071
0.376569
0.476987
0.970711
0.987654
0.356557
0.487705
1
0.19
0.353333
0.373333
0.526667
0.75
0.00980392
0.147059
0.470588
0.480392
0.485294
0.647059
0.730392
0.965686
0.970588
0.97549
0.980392
0.985294
0.990196
0.995098
1
0.483721
1
0.034749
0.305019
0.351351
0.389961
0.416988
0.436293
0.440154
0.455598
0.594595
0.737452
0.972973
0.976834
0.0734694
0.355102
0.538776
0.632653
0.722449
0.816327
1
0.365385
0.557692
0.688462
0.880769
0.792531
1
0.918367
0.991837
0.995918
0.752381
0.985714
0.0337079
0.194757
0.302905
0.40249
0.497925
0.763485
0.821577
0.842324
0.572391
0.767677
0.774411
0.801347
0.855219
0.989899
0.343348
0.373391
0.613734
0.987124
0.047619
0.0809524
0.82381
1
1
0.57561
0.639024
0.965854
0.970732
0.97561
0.980488
0.985366
0.990244
0.995122
1
0.636704
0.816479
0.838951
0.337553
0.983122
0.995781
0.0205761
0.0411523
0.135802
0.26749
0.341564
0.378601
0.514403
0.576132
0.584362
0.596708
0.8107
0.823045
0.82716
0.962963
0.411111
0.477778
0.0338164
0.0483092
0.231884
0.285024
0.531401
0.763285
0.942029
0.0175439
0.0701754
0.0807018
0.396491
0.480702
0.722807
0.733333
0.94386
0.711207
0.75
0.896552
0.987069
1
0.39781
0.715328
0.835766
0.253731
0.268657
0.273632
0.288557
0.547264
0.109489
0.113139
0.215328
0.222628
0.270073
0.30292
0.39781
0.423358
0.551095
0.70438
0.740876
0.759124
0.770073
0.850365
0.934307
0.978102
0.169565
0.278261
0.804348
0.93913
0.020202
0.265993
0.343434
0.37037
0.447811
0.538721
0.784512
0.970339
0.974576
0.978814
0.983051
0.987288
0.991525
0.995763
1
0.48289
0.505703
0.813688
0.847909
0.5
0.130435
0.142292
0.166008
0.189723
0.225296
0.233202
0.687747
0.361789
0.48374
0.634146
0.841463
0.845528
0.882114
0.906504
0.930894
0.399083
0.40367
0.573394
