0.334416
0.522727
0.538961
0.551948
0.374317
0.472678
0.576503
0.592896
0.389744
0.646154
0.653846
0.679487
0.689744
0.705128
0.153639
0.269542
0.283019
0.328841
0.355795
0.369272
0.48248
0.485175
0.514825
0.557951
0.592992
0.660377
0.681941
0.435262
0.46281
0.515152
0.548209
0.584022
0.597796
0.628099
0.702479
0.269972
0.600551
0.730028
0.424658
0.0084507
0.166197
0.205634
0.239437
0.261972
0.430986
0.492958
0.526761
0.566197
0.746479
0.788732
0.853521
0.0659341
0.403846
0.442308
0.568681
0.637363
0.656593
0.659341
0.747253
0.75
0.760989
0.818681
0.960961
0.692521
0.283465
0.349081
0.409449
0.412073
0.414698
0.417323
0.44357
0.496063
0.506562
0.580052
0.593176
0.624672
0.588235
0.849673
0.00854701
0.358974
0.541311
0.552707
0.646724
0.77208
0.803419
0.874644
0.0235988
0.0855457
0.0943953
0.135693
0.174041
0.238938
0.256637
0.386431
0.477876
0.533923
0.587021
0.613569
0.884956
0.976401
0.0141243
0.0310734
0.423729
0.474576
0.477401
0.519774
0.545198
0.581921
0.666667
0.734463
0.79661
0.188732
0.242254
0.707042
0.774648
0.780282
0.833803
0.697548
0.104061
0.274112
0.581218
0.596447
0.654822
0.667513
0.670051
0.672589
0.685279
0.713198
0.233846
0.255385
0.353846
0.424615
0.550769
0.643077
0.707692
0.953846
0.864238
0.960265
0.986755
0.68956
0.807692
0.317901
0.478395
0.595679
0.265928
0.271468
0.34903
0.365651
0.542936
0.742382
0.842105
0.947368
0.624277
0.627168
0.0197183
0.104225
0.292958
0.422535
0.476056
0.492958
0.540845
0.633803
0.971831
0.22508
0.569132
0.829582
0.291391
0.36755
0.529801
0.804636
0.250794
0.320635
0.552381
0.730159
0.809524
0.84127
0.888889
0.939683
0.949206
0.161585
0.567073
0.609756
0.473008
0.622108
0.354223
0.338501
0.356589
0.622739
0.0532544
0.263314
0.440828
0.488166
0.597633
0.60355
0.887574
0.949704
0.970414
0.445104
0.554896
0.0159151
0.0185676
0.0981432
0.302387
0.875332
0.486957
0.489855
0.495652
0.550725
0.6
0.602899
0.187661
0.218509
0.239075
0.393316
0.449871
0.48072
0.493573
0.568123
0.624679
0.768638
0.807198
0.866324
0.446108
0.449102
0.494012
0.514658
0.635179
0.0179641
0.439153
0.452381
0.52381
0.582011
0.587302
0.595238
0.613757
0.553314
0.680115
0.824207
0.827089
0.755556
0.667519
0.831202
0.961637
0.331412
0.360231
0.680115
0.502674
0.561497
0.622995
0.0191257
0.612022
0.291777
0.328912
0.464191
0.466844
0.496021
0.583554
0.944297
0.550769
0.553846
0.775385
0.886154
0.996923
0.518041
0.336158
0.350282
0.497175
0.50565
0.245902
0.227545
0.236527
0.535928
0.628743
0.664671
0.757485
0.769461
0.814371
0.332268
0.399361
0.415335
0.421725
0.42492
0.463259
0.469649
0.546326
0.552716
0.5623
0.565495
0.128065
0.152589
0.228883
0.332425
0.782016
0.784741
0.888283
0.942779
0.151515
0.340909
0.462121
0.467172
0.472222
0.746711
0.940789
0.396067
0.469101
0.315789
0.371517
0.560372
0.566563
0.597523
0.613003
0.894737
0.19403
0.202985
0.704478
0.776119
0.385475
0.547486
0.98324
0.531429
0.131579
0.265789
0.321053
0.418421
0.473684
0.626316
0.723684
0.377215
0.425316
0.55443
0.602532
0.605063
0.718987
0.0776398
0.0869565
0.360248
0.42236
0.631579
0.65651
0.66482
0.588732
0.704225
0.585227
0.0443213
0.459834
0.542936
0.639889
0.290123
0.762346
0.771605
0.935185
0.508251
0.735974
0.601542
0.910026
0.157729
0.164038
0.22082
0.287066
0.293375
0.196765
0.339623
0.396226
0.827493
0.830189
0.158038
0.305177
0.316076
0.346049
0.468665
0.651226
0.418919
0.543243
0.659459
0.883784
0.0846561
0.113757
0.269841
0.507937
0.595238
0.60582
0.632275
0.648148
0.78836
0.862434
0.41543
0.548961
0.655786
0.385675
0.443526
0.578512
0.787879
0.308943
0.428184
0.430894
0.441734
0.647696
0.95393
0.746518
0.606138
0.0393939
0.621212
0.91746
0.224868
0.494709
0.875661
0.992063
0.125364
0.131195
0.189504
0.271137
0.317784
0.35277
0.587393
0.908309
0.495677
0.533141
0.570605
0.711816
0.0666667
0.461333
0.552
0.573333
0.610667
0.688
0.701333
0.882667
0.302326
0.415698
0.502907
0.371758
0.394813
0.481268
0.5
0.0638298
0.0851064
0.0942249
0.337386
0.379939
0.455927
0.586626
0.598784
0.662614
0.531807
0.580153
0.104101
0.470032
0.485804
0.4425
0.54
0.6375
0.695
0.475921
0.206799
0.368272
0.422096
0.575071
0.70255
0.847025
0.943343
0.957507
0.146409
0.477901
0.616022
0.624309
0.690608
0.91989
0.367758
0.458438
0.468514
0.609572
0.016129
0.077957
0.239247
0.327957
0.341398
0.360215
0.405914
0.540323
0.610215
0.666667
0.857527
0.515
0.522843
0.56599
0.659898
0.685279
0.663158
0.5375
0.6425
0.226463
0.229008
0.24173
0.379135
0.381679
0.437659
0.486005
0.541985
0.64631
0.659033
0.694656
0.70229
0.798982
0.954198
0.569733
0.0394737
0.00934579
0.0529595
0.158879
0.308411
0.489097
0.588785
0.694704
0.757009
0.293506
0.480519
0.667532
0.202817
0.298592
0.405634
0.416901
0.442254
0.509859
0.611268
0.639437
0.814085
0.949296
0.534247
0.143646
0.301105
0.337017
0.378453
0.433702
0.544199
0.707182
0.809392
0.580822
0.285714
0.697674
0.717608
0.837209
0.0968586
0.172775
0.217277
0.337696
0.410995
0.413613
0.497382
0.557592
0.575916
0.594241
0.698953
0.759162
0.879581
0.263158
0.265789
0.468421
0.555263
0.808696
0.834783
0.927536
0.0498615
0.182825
0.243767
0.249307
0.260388
0.268698
0.313019
0.368421
0.385042
0.393352
0.401662
0.404432
0.437673
0.542936
0.559557
0.567867
0.592798
0.609418
0.515306
0.614796
0.520891
0.651811
0.494536
0.00566572
0.246459
0.473088
0.532578
0.535411
0.665722
0.674221
0.733711
0.432665
0.472779
0.127717
0.13587
0.586957
0.793478
0.888587
0.732673
0.279539
0.400576
0.636888
0.100287
0.209169
0.30659
0.320917
0.464183
0.481375
0.713467
0.893983
0.902579
0.925501
0.951289
0.455927
0.486647
0.744807
0.765579
0.958457
0.0220386
0.0247934
0.0661157
0.559229
0.878788
0.719895
0.54717
0.581761
0.591195
0.613208
0.63522
0.154242
0.254499
0.583548
0.658098
0.663239
0.66581
0.915167
0.329609
0.441341
0.664804
0.765363
0.258145
0.47619
0.736842
0.932331
0.937343
0.988406
0.48
0.682857
0.239203
0.312292
0.405316
0.770764
0.803987
0.33427
0.337079
0.519663
0.533708
0.536517
0.581461
0.710674
0.761236
0.519774
0.680791
0.037464
0.193084
0.236311
0.279539
0.288184
0.677233
0.991354
0.431746
0.434921
0.468023
0.543605
0.297158
0.362745
0.46732
0.568627
0.787582
0.852941
0.450425
0.561224
0.163934
0.270492
0.620219
0.644809
0.647541
0.699454
0.934426
0.333333
0.353846
0.446154
0.541026
0.6
0.0932642
0.170984
0.178756
0.316062
0.321244
0.323834
0.391192
0.489637
0.61399
0.834197
0.68169
0.464912
0.656805
0.914201
0.0733945
0.122324
0.195719
0.262997
0.299694
0.409786
0.562691
0.70948
0.819572
0.948012
0.105714
0.128571
0.431429
0.505714
0.525714
0.548571
0.6
0.685714
0.694286
0.714286
0.742857
0.751429
0.808571
0.834286
0.573935
0.64411
0.907268
0.524781
0.734694
0.746356
0.582011
0.650794
0.701058
0.944444
0.0158311
0.0474934
0.0659631
0.0817942
0.0949868
0.108179
0.174142
0.208443
0.562005
0.778364
0.860158
0.873351
0.0690537
0.368286
0.434783
0.547315
0.585678
0.601023
0.629156
0.206897
0.258621
0.649425
0.655172
0.821839
0.63522
0.993711
0.0870871
0.417417
0.429429
0.537538
0.582583
0.618619
0.705706
0.738739
0.239617
0.530351
0.645367
0.144044
0.149584
0.199446
0.257618
0.263158
0.443213
0.706371
0.502793
0.636872
0.639665
0.653631
0.743017
0.495751
0.497238
0.593923
0.68232
0.114706
0.135294
0.241176
0.438235
0.441176
0.464706
0.488235
0.5
0.514706
0.535294
0.538235
0.729412
0.732353
0.744118
0.805882
0.620579
0.707395
0.113565
0.955836
0.174731
0.188172
0.198925
0.212366
0.282258
0.322581
0.325269
0.596774
0.599462
0.747312
0.485149
0.149733
0.320856
0.336898
0.339572
0.449198
0.0965147
0.120643
0.152815
0.394102
0.404826
0.461126
0.473186
0.476341
0.514196
0.542587
0.709779
0.58312
0.229299
0.544586
0.687898
0.0246575
0.438356
0.490411
0.398148
0.394737
0.407895
0.468421
0.228739
0.583578
0.607038
0.648094
0.115591
0.153226
0.158602
0.163978
0.38172
0.416667
0.14245
0.495726
0.538462
0.54416
0.623932
0.1
0.489474
0.692105
0.19
0.2825
0.305
0.475
0.4825
0.6025
0.152632
0.260526
0.344737
0.428947
0.505263
0.513158
0.589474
0.597368
0.522911
0.525606
0.698113
0.196875
0.425
0.6375
0.715625
0.74375
0.23662
0.247887
0.259155
0.273239
0.31831
0.36338
0.44507
0.0498534
0.27566
0.302053
0.521994
0.59824
0.697947
0.709677
0.756598
0.844575
0.88563
0.612821
0.508021
0.572193
0.665775
0.762032
0.0214067
0.0244648
0.0366972
0.0428135
0.244648
0.639144
0.770642
0.586735
0.0196629
0.171348
0.176966
0.205056
0.233146
0.474719
0.505618
0.581461
0.741573
0.825843
0.842697
0.853933
0.563253
0.569277
0.572289
0.593373
0.656627
0.751592
0.323607
0.466667
0.513889
0.622222
0.0542857
0.197143
0.448571
0.531429
0.241722
0.466887
0.486755
0.923841
0.950331
0.122016
0.127321
0.310627
0.356948
0.00909091
0.493939
0.728997
0.68144
0.711911
0.731302
0.750693
0.759003
0.878116
0.880886
0.606232
0.626062
0.628895
0.133333
0.15873
0.415873
0.457143
0.863492
0.534704
0.552699
0.688946
0.0797721
0.11396
0.17094
0.188034
0.236467
0.512821
0.606838
0.689459
0.752137
0.777778
0.780627
0.894587
0.934473
0.982906
0.988604
0.451807
0.509036
0.533133
0.539157
0.57971
0.627976
0.388199
0.458065
0.284238
0.351421
0.359173
0.421189
0.428941
0.49354
0.343931
0.606936
0.728324
0.765896
0.59116
0.693931
0.603226
0.911672
0.355844
0.581818
0.235616
0.463014
0.545205
0.769863
0.396465
0.5
0.589744
0.754986
0.460938
0.497396
0.502604
0.580729
0.676471
0.738562
0.754902
0.372611
0.404459
0.589235
0.824363
0.554545
0.276657
0.254717
0.389937
0.10567
0.543814
0.520767
0.626198
0.741214
0.341737
0.633053
0.245614
0.393484
0.481203
0.501253
0.54386
0.598997
0.666667
0.716792
0.859649
0.949875
0.666667
0.0187166
0.0320856
0.0374332
0.13369
0.149733
0.687166
0.764706
0.842246
0.911765
0.938503
0.94385
0.341108
0.381924
0.460641
0.588921
0.528796
0.0352645
0.118388
0.128463
0.168766
0.31738
0.322418
0.34005
0.405542
0.445844
0.493703
0.539043
0.544081
0.61461
0.63728
0.760705
0.780856
0.793451
0.442708
0.71875
0.774854
0.812865
0.935673
0.603077
0.609231
0.110526
0.621053
0.425532
0.792208
0.265487
0.365782
0.466077
0.566372
0.666667
0.23053
0.286604
0.523364
0.538941
0.70405
0.732087
0.627389
0.869427
0.904459
0.961783
0.987261
0.602067
0.607903
0.62614
0.683891
0.772036
0.530387
0.546961
0.558011
0.588398
0.61326
0.139394
0.148485
0.2
0.206061
0.257576
0.260606
0.275758
0.290909
0.333333
0.424242
0.575758
0.636364
0.766667
0.918182
0.930303
0.957576
0.963636
0.990909
0.393401
0.474619
0.586294
0.647208
0.708122
0.893401
0.275449
0.332335
0.368263
0.389222
0.55988
0.685629
0.838323
0.94012
0.95509
0.251366
0.368852
0.510929
0.516393
0.650273
0.898907
0.953552
0.716981
0.725067
0.0248619
0.135359
0.138122
0.229282
0.251381
0.303867
0.350829
0.364641
0.367403
0.381215
0.441989
0.444751
0.455801
0.458564
0.466851
0.5
0.566298
0.59116
0.624309
0.638122
0.68232
0.729282
0.773481
0.922652
0.256798
0.55287
0.564955
0.858006
0.990937
0.644385
0.0150602
0.0361446
0.0421687
0.0722892
0.0843373
0.298193
0.692771
0.858434
0.88253
0.930723
0.933735
0.98494
0.242775
0.479224
0.576812
0.333333
0.574803
0.0583756
0.0862944
0.753807
0.78934
0.809645
0.837563
0.86802
0.939086
0.944162
0.972081
0.66205
0.604592
0.119048
0.272487
0.582011
0.722222
0.777778
0.949735
0.0536723
0.149718
0.387006
0.49435
0.497175
0.161905
0.168254
0.171429
0.174603
0.203175
0.634921
0.673016
0.695238
0.00294118
0.197059
0.729412
0.741176
0.755882
0.254545
0.462338
0.464935
0.477922
0.488312
0.490909
0.493506
0.498701
0.506494
0.511688
0.514286
0.535065
0.650754
0.032967
0.519231
0.601648
0.260317
0.469841
0.587302
0.739683
0.612805
0.634146
0.637195
0.722561
0.260736
0.40184
0.484663
0.533742
0.733129
0.739264
0.800613
0.861963
0.181034
0.423313
0.647239
0.705521
0.754601
0.493151
0.534247
0.649315
0.827397
0.0026178
0.141361
0.206806
0.248691
0.379581
0.578534
0.767016
0.984293
0.658147
0.838323
0.380165
0.438017
0.465565
0.471074
0.482094
0.526171
0.528926
0.53719
0.548209
0.727273
0.60582
0.611111
0.656085
0.679894
0.701058
0.691083
0.697452
0.246649
0.319035
0.563003
0.71885
0.193038
0.357595
0.379747
0.386076
0.541139
0.68038
0.702532
0.708861
0.713528
0.352941
0.391176
0.302395
0.461078
0.658683
0.661677
0.664671
0.718563
0.0232558
0.343023
0.927326
0.619355
0.703226
0.706452
0.719355
0.667546
0.881266
0.889182
0.602241
0.490765
0.596306
0.969152
0.0771277
0.162234
0.18617
0.196809
0.297872
0.308511
0.388298
0.393617
0.43617
0.486702
0.521277
0.550532
0.566489
0.587766
0.656915
0.75
0.776596
0.779255
0.944149
0.161194
0.465672
0.641791
0.662687
0.342029
0.475362
0.383562
0.528767
0.123779
0.618893
0.65798
0.581169
0.668831
0.769481
0.928571
0.522581
0.703226
0.330808
0.659091
0.751412
0.263441
0.0480769
0.477564
0.820513
0.5
0.124654
0.235457
0.32133
0.33795
0.387812
0.415512
0.440443
0.490305
0.542936
0.592798
0.645429
0.577957
0.758065
0.760753
0.766129
0.771505
0.795699
0.471074
0.506887
0.228395
0.271605
0.388889
0.527778
0.62963
0.688272
0.79321
0.82716
0.397403
0.516883
0.0539683
0.333333
0.384127
0.220207
0.694301
0.592105
0.805921
0.177326
0.331395
0.473837
0.726744
0.729651
0.0481013
0.174684
0.470886
0.29096
0.344633
0.403955
0.491525
0.508475
0.550847
0.861582
0.381471
0.446866
0.47139
0.474114
0.509537
0.512262
0.544959
0.673025
0.919505
0.25
0.295977
0.652299
0.658046
0.66092
0.663793
0.715517
0.616402
0.912698
0.493333
0.496
0.498667
0.501333
0.201278
0.492013
0.71885
0.773163
0.859425
0.142029
0.710145
0.0978836
0.380952
0.44709
0.449735
0.457672
0.502646
0.568783
0.62963
0.637566
0.645503
0.690476
0.973545
0.00793651
0.39418
0.566138
0.701058
0.782051
0.00257732
0.00515464
0.157216
0.234536
0.314433
0.32732
0.363402
0.435567
0.453608
0.543814
0.626289
0.670103
0.868557
0.945876
0.481481
0.706553
0.52231
0.671916
0.334278
0.485804
0.495268
0.583596
0.659306
0.709779
0.383152
0.459239
0.540761
0.228723
0.273936
0.481383
0.571809
0.662234
0.768617
0.679666
0.25
0.363636
0.448864
0.485795
0.542614
0.585227
0.639205
0.980114
0.423377
0.537662
0.555844
0.558442
0.563636
0.566234
0.576623
0.615584
0.65974
0.706494
0.805195
0.621333
0.818667
0.458438
0.473552
0.544081
0.602015
0.634761
