	ClustNum_74	MeanDepth_74	ClustNumD3_74	MeanDepthD3_74	ClustNum_76	MeanDepth_76	ClustNumD3_76	MeanDepthD3_76	ClustNum_78	MeanDepth_78	ClustNumD3_78	MeanDepthD3_78	ClustNum_80	MeanDepth_80	ClustNumD3_80	MeanDepthD3_80	ClustNum_82	MeanDepth_82	ClustNumD3_82	MeanDepthD3_82	ClustNum_84	MeanDepth_84	ClustNumD3_84	MeanDepthD3_84	ClustNum_86	MeanDepth_86	ClustNumD3_86	MeanDepthD3_86	ClustNum_88	MeanDepth_88	ClustNumD3_88	MeanDepthD3_88	ClustNum_90	MeanDepth_90	ClustNumD3_90	MeanDepthD3_90	ClustNum_92	MeanDepth_92	ClustNumD3_92	MeanDepthD3_92	ClustNum_94	MeanDepth_94	ClustNumD3_94	MeanDepthD3_94	ClustNum_96	MeanDepth_96	ClustNumD3_96	MeanDepthD3_96	ClustNum_98	MeanDepth_98	ClustNumD3_98	MeanDepthD3_98
StCf0044	180448	1.432	9171	7.003	184943	1.436	9451	7.038	189702	1.439	9779	7.015	194397	1.445	10122	7.034	199462	1.452	10562	7.027	204646	1.464	11132	7.024	210034	1.481	11912	6.992	215969	1.497	12703	6.967	222438	1.519	13644	6.987	231528	1.533	14517	6.992	254276	1.464	13480	6.728	303014	1.277	8212	6.716	353243	1.129	3554	7.67
StCa0003	158142	1.523	10209	7.187	162416	1.527	10516	7.217	166696	1.529	10851	7.201	170915	1.533	11234	7.182	175395	1.541	11727	7.156	179980	1.553	12365	7.126	184703	1.572	13220	7.078	189761	1.595	14165	7.055	195425	1.62	15159	7.07	203642	1.639	16238	7.05	226255	1.559	15464	6.752	278868	1.313	9335	6.463	333749	1.125	3543	7.085
BlCl0098	183510	2.034	24709	6.952	187614	2.041	25505	6.94	192079	2.05	26412	6.935	196876	2.058	27301	6.929	202394	2.072	28496	6.923	208663	2.091	29951	6.918	215513	2.117	31747	6.914	223024	2.146	33848	6.903	231798	2.172	35894	6.917	244906	2.182	38267	6.895	280130	2.034	38306	6.639	361690	1.677	31145	6.353	466667	1.38	20894	6.319
StCf0037	188519	1.337	7621	6.609	193558	1.341	7910	6.617	198644	1.343	8182	6.61	203662	1.346	8500	6.591	208779	1.352	8844	6.586	213838	1.361	9320	6.568	218796	1.375	9962	6.539	223821	1.393	10675	6.558	229253	1.411	11443	6.556	236678	1.428	12208	6.602	255046	1.38	11158	6.393	295475	1.237	6665	6.447	338038	1.11	2826	7.309
StCa0015	145332	1.212	2945	6.241	148918	1.214	3042	6.237	152435	1.216	3130	6.217	155956	1.219	3261	6.209	159668	1.223	3402	6.236	163592	1.229	3586	6.199	167640	1.237	3804	6.186	171705	1.248	4100	6.189	176135	1.258	4385	6.206	181618	1.265	4624	6.205	192408	1.243	4228	6.36	212883	1.163	2649	7.013	233808	1.094	1564	7.988
StCa0006	1	1.0	0	0.0	1	1.0	0	0.0	1	1.0	0	0.0	1	1.0	0	0.0	1	1.0	0	0.0	1	1.0	0	0.0	1	1.0	0	0.0	1	1.0	0	0.0	1	1.0	0	0.0	1	1.0	0	0.0	1	1.0	0	0.0	1	1.0	0	0.0	1	1.0	0	0.0
StCf0039	142716	1.309	5304	6.36	146206	1.311	5457	6.372	149898	1.313	5632	6.368	153610	1.315	5813	6.372	157287	1.321	6051	6.366	160971	1.327	6323	6.343	164427	1.337	6659	6.32	168317	1.35	7058	6.336	172523	1.366	7537	6.371	177918	1.377	7975	6.386	190439	1.339	7261	6.335	217536	1.207	4290	6.435	245122	1.094	1854	7.184
StCa0016	191350	1.403	9660	6.672	196501	1.405	10002	6.672	201568	1.409	10363	6.666	206834	1.413	10748	6.647	211982	1.421	11305	6.627	217420	1.432	11936	6.603	222917	1.449	12775	6.58	228585	1.47	13735	6.577	234966	1.492	14692	6.606	243813	1.509	15690	6.627	267303	1.449	14269	6.475	318959	1.262	8280	6.49	371336	1.114	3244	7.395
BlCa0080	158844	1.319	6171	6.344	162540	1.321	6383	6.321	166212	1.325	6575	6.347	169856	1.329	6815	6.34	173751	1.337	7120	6.345	177918	1.347	7517	6.348	182374	1.359	8009	6.301	186961	1.374	8576	6.276	191861	1.391	9145	6.321	198596	1.407	9716	6.4	215171	1.361	8739	6.361	249418	1.213	5044	6.46	282593	1.097	2193	7.398
StCf0049	241209	1.379	11682	6.818	248587	1.38	12110	6.813	255671	1.383	12538	6.818	262908	1.388	13045	6.815	270017	1.395	13662	6.815	276878	1.406	14451	6.795	283511	1.421	15476	6.743	289802	1.441	16655	6.727	296520	1.466	17936	6.763	306253	1.485	19046	6.803	331970	1.433	17737	6.618	389645	1.261	11012	6.377	452938	1.11	4102	6.855
BlCa0104	138482	1.683	11171	6.702	141440	1.69	11557	6.698	144483	1.695	11901	6.683	148001	1.703	12375	6.674	152060	1.712	12917	6.662	156525	1.727	13638	6.626	161696	1.747	14581	6.601	167344	1.768	15607	6.58	173993	1.79	16689	6.585	183377	1.798	17701	6.562	208729	1.68	16555	6.335	263076	1.409	10712	6.247	324378	1.196	4897	6.804
BlCl0091	261053	1.299	9224	6.4	268637	1.3	9524	6.402	276203	1.303	9879	6.404	283506	1.306	10255	6.397	291098	1.311	10698	6.384	298024	1.32	11207	6.407	304924	1.332	11948	6.396	311758	1.347	12823	6.384	319052	1.364	13758	6.414	328870	1.376	14585	6.409	351905	1.343	13480	6.329	399799	1.223	8391	6.305	450699	1.114	3810	7.071
StCa0019	115257	1.221	2415	6.119	117792	1.223	2481	6.133	120486	1.225	2549	6.117	123095	1.229	2640	6.16	125882	1.233	2746	6.164	128865	1.239	2893	6.157	131946	1.247	3074	6.111	135285	1.258	3323	6.105	138913	1.271	3576	6.179	143468	1.281	3803	6.272	152305	1.259	3541	6.41	168705	1.176	2357	6.973	185272	1.096	1395	7.459
BlCa0083	220013	1.462	12082	7.352	225378	1.467	12523	7.342	230705	1.473	13041	7.319	235975	1.482	13552	7.336	242013	1.494	14274	7.335	248417	1.507	15121	7.317	255268	1.528	16293	7.282	262512	1.552	17595	7.262	270782	1.58	19093	7.272	282496	1.597	20539	7.225	312771	1.531	19938	6.888	380108	1.323	13010	6.648	456114	1.146	5333	7.362
BlCa0065	128487	1.543	8102	6.579	131545	1.546	8315	6.588	134655	1.55	8569	6.591	138059	1.556	8877	6.596	141689	1.564	9281	6.58	145571	1.575	9747	6.549	149847	1.591	10358	6.526	154616	1.612	11149	6.509	159823	1.635	11907	6.551	167281	1.652	12653	6.621	186112	1.568	11771	6.432	227753	1.34	7337	6.369	271346	1.162	3418	6.828
BlCl0116	150959	1.281	4819	6.164	154602	1.283	4966	6.171	158304	1.285	5128	6.167	162028	1.288	5298	6.151	165802	1.295	5542	6.197	169687	1.301	5806	6.171	173682	1.311	6135	6.164	177812	1.322	6489	6.16	182343	1.342	6930	6.33	188481	1.354	7382	6.367	201733	1.321	6696	6.437	228677	1.207	4106	6.754	256709	1.099	1945	7.242
BlCl0093	146519	1.249	3955	6.535	150105	1.251	4074	6.548	153948	1.252	4198	6.55	157604	1.254	4331	6.535	161408	1.258	4517	6.504	165069	1.264	4727	6.499	168858	1.273	5014	6.465	172867	1.286	5395	6.46	177230	1.301	5808	6.509	182760	1.314	6241	6.573	194553	1.284	5639	6.576	217568	1.19	3635	7.045	239994	1.103	2040	7.625
BlCl0094	188225	1.488	11134	7.404	193350	1.491	11523	7.391	198633	1.493	11927	7.368	203970	1.498	12404	7.356	209539	1.509	13019	7.348	215089	1.523	13850	7.303	220719	1.546	14868	7.313	226529	1.573	16099	7.288	233103	1.602	17370	7.31	242754	1.625	18671	7.323	269567	1.536	17766	6.829	331534	1.304	10697	6.65	396002	1.122	3974	7.389
BlCa0108	132004	1.295	4358	5.971	134986	1.298	4471	6.002	138028	1.301	4619	6.006	141136	1.303	4775	5.98	144476	1.308	4963	5.993	148088	1.315	5190	5.972	151818	1.326	5521	5.972	155779	1.338	5869	5.959	160175	1.351	6245	5.989	165970	1.365	6582	6.155	178996	1.322	5863	6.167	204573	1.202	3533	6.541	229410	1.102	1795	7.269
BlCa0076	166863	1.259	4753	6.454	170743	1.261	4895	6.45	174570	1.264	5050	6.45	178450	1.268	5225	6.465	182503	1.274	5454	6.483	186617	1.282	5770	6.459	191294	1.292	6148	6.436	196278	1.305	6602	6.427	201654	1.32	7106	6.469	208636	1.33	7536	6.481	223124	1.3	7019	6.401	251364	1.198	4502	6.676	280885	1.107	2425	7.461
StCf0050	109701	1.188	1827	6.113	112117	1.188	1876	6.102	114645	1.188	1920	6.088	117123	1.19	1994	6.057	119704	1.194	2065	6.101	122344	1.199	2161	6.112	125158	1.207	2300	6.155	128059	1.216	2456	6.217	131102	1.225	2621	6.245	135016	1.233	2789	6.364	142344	1.213	2599	6.484	155178	1.147	1815	6.865	168305	1.084	1092	7.376
BlCl0095	151981	1.405	7810	6.552	155884	1.408	8074	6.556	159925	1.41	8334	6.545	164057	1.413	8608	6.536	168508	1.419	9008	6.503	172842	1.431	9499	6.504	177588	1.449	10202	6.47	182341	1.472	10997	6.481	187725	1.496	11871	6.514	195268	1.51	12516	6.558	215121	1.446	11343	6.437	258535	1.25	6445	6.456	299646	1.103	2568	7.145
StCa0001	136536	2.066	20165	6.086	139581	2.074	20772	6.089	142786	2.079	21413	6.076	146431	2.087	22167	6.073	150728	2.097	23032	6.073	155719	2.11	24180	6.053	161394	2.132	25614	6.049	167928	2.156	27314	6.049	175403	2.185	29185	6.073	186726	2.185	30805	6.089	215029	2.033	29898	6.031	276200	1.695	24183	5.987	355147	1.407	16983	5.989
StCf0043	95105	1.527	5422	6.177	96983	1.531	5569	6.201	99048	1.535	5729	6.195	101384	1.538	5891	6.182	104075	1.541	6099	6.167	107070	1.551	6389	6.177	110620	1.564	6776	6.16	114779	1.577	7219	6.132	119366	1.596	7734	6.19	125693	1.608	8227	6.26	139553	1.532	7615	6.195	168327	1.335	4940	6.434	198279	1.176	2625	7.036
